-0.000994 0.003487 0.008655 4.553946 -0.008912 -0.002805 4.711568 1.356938 0.931440 1.218959 0.054625 1.880076 0.057061 -0.037425 -0.036697 -0.006115 8.906025 8.808382 0.002231 -0.033582 -0.000750 -0.004116 10.133678 10.427733 8.290793 12.214562 0.000763 -0.005093 -0.000221 -0.001601 0.002795 -0.002726 0.002931
-0.000994 0.003487 0.008657 4.554151 -0.008912 -0.002804 4.711876 1.356605 0.931385 1.218948 0.054616 1.880443 0.057042 -0.037422 -0.036694 -0.006114 8.905906 8.808493 0.002229 -0.033581 -0.000749 -0.004115 10.133584 10.427640 8.291191 12.215175 0.000763 -0.005093 -0.000222 -0.001601 0.002795 -0.002726 0.002931
-0.000995 0.003487 0.008654 4.553623 -0.008912 -0.002802 4.711293 1.357042 0.931243 1.219064 0.054628 1.879165 0.057058 -0.037423 -0.036695 -0.006114 8.906530 8.808337 0.002231 -0.033580 -0.000750 -0.004116 10.134202 10.427905 8.289159 12.212700 0.000762 -0.005094 -0.000221 -0.001601 0.002794 -0.002725 0.002930
-0.000995 0.003486 0.008653 4.553243 -0.008912 -0.002798 4.710870 1.357438 0.931324 1.219219 0.054624 1.879103 0.057042 -0.037419 -0.036691 -0.006115 8.906635 8.808144 0.002232 -0.033580 -0.000750 -0.004116 10.133929 10.427539 8.288669 12.212043 0.000761 -0.005094 -0.000221 -0.001600 0.002794 -0.002724 0.002930
-0.000995 0.003485 0.008653 4.552894 -0.008912 -0.002794 4.710992 1.357711 0.931450 1.219371 0.054610 1.879480 0.056994 -0.037414 -0.036685 -0.006116 8.906301 8.807966 0.002231 -0.033582 -0.000749 -0.004116 10.133501 10.427217 8.288973 12.212475 0.000760 -0.005093 -0.000221 -0.001600 0.002793 -0.002723 0.002931
-0.000995 0.003486 0.008655 4.553373 -0.008913 -0.002798 4.711602 1.357349 0.931522 1.219189 0.054609 1.880175 0.056986 -0.037420 -0.036692 -0.006116 8.905924 8.808154 0.002230 -0.033583 -0.000749 -0.004115 10.133301 10.427297 8.290325 12.214237 0.000761 -0.005092 -0.000221 -0.001600 0.002794 -0.002725 0.002932
-0.000994 0.003486 0.008655 4.553469 -0.008912 -0.002801 4.711371 1.357304 0.931526 1.219245 0.054598 1.880138 0.057024 -0.037418 -0.036690 -0.006115 8.905569 8.807791 0.002230 -0.033584 -0.000749 -0.004116 10.133284 10.427278 8.290370 12.214127 0.000762 -0.005092 -0.000221 -0.001600 0.002794 -0.002725 0.002931
-0.000994 0.003486 0.008655 4.553784 -0.008911 -0.002803 4.711148 1.357087 0.931484 1.219205 0.054597 1.880258 0.057033 -0.037412 -0.036684 -0.006116 8.905968 8.808012 0.002231 -0.033583 -0.000749 -0.004116 10.133106 10.426968 8.290357 12.214232 0.000762 -0.005093 -0.000221 -0.001600 0.002794 -0.002725 0.002931
-0.000995 0.003486 0.008654 4.553894 -0.008911 -0.002802 4.711173 1.357150 0.931449 1.219135 0.054608 1.880142 0.057014 -0.037411 -0.036683 -0.006116 8.906271 8.808037 0.002230 -0.033582 -0.000749 -0.004116 10.133185 10.426938 8.290348 12.214244 0.000761 -0.005093 -0.000221 -0.001600 0.002794 -0.002725 0.002931
-0.000995 0.003486 0.008655 4.554083 -0.008911 -0.002802 4.711476 1.357002 0.931405 1.218897 0.054629 1.879823 0.057038 -0.037420 -0.036692 -0.006115 8.906353 8.808423 0.002231 -0.033578 -0.000749 -0.004116 10.133755 10.427629 8.290372 12.214342 0.000762 -0.005093 -0.000221 -0.001600 0.002794 -0.002725 0.002931
-0.000995 0.003486 0.008655 4.553934 -0.008911 -0.002801 4.711429 1.357095 0.931441 1.218997 0.054619 1.879940 0.057052 -0.037413 -0.036685 -0.006116 8.906050 8.808266 0.002231 -0.033580 -0.000749 -0.004116 10.133735 10.427575 8.290649 12.214623 0.000762 -0.005093 -0.000221 -0.001600 0.002794 -0.002726 0.002931
-0.000994 0.003486 0.008655 4.554145 -0.008910 -0.002804 4.711548 1.356883 0.931424 1.219043 0.054621 1.879963 0.057056 -0.037411 -0.036683 -0.006116 8.906343 8.808419 0.002232 -0.033581 -0.000749 -0.004116 10.133633 10.427436 8.290550 12.214773 0.000762 -0.005094 -0.000221 -0.001600 0.002794 -0.002726 0.002931
-0.000995 0.003486 0.008654 4.553471 -0.008911 -0.002805 4.710906 1.357206 0.931309 1.219193 0.054605 1.879353 0.057038 -0.037417 -0.036689 -0.006115 8.906282 8.808105 0.002232 -0.033583 -0.000750 -0.004117 10.134009 10.427632 8.289557 12.213142 0.000762 -0.005094 -0.000221 -0.001600 0.002794 -0.002725 0.002930
-0.000995 0.003486 0.008653 4.553281 -0.008912 -0.002805 4.710683 1.357149 0.931213 1.219237 0.054605 1.879057 0.057033 -0.037424 -0.036696 -0.006114 8.906392 8.808146 0.002232 -0.033582 -0.000750 -0.004116 10.134022 10.427693 8.288837 12.212164 0.000762 -0.005094 -0.000221 -0.001600 0.002794 -0.002724 0.002930
-0.000995 0.003486 0.008654 4.553553 -0.008911 -0.002800 4.710918 1.357000 0.931173 1.219088 0.054610 1.879234 0.057018 -0.037422 -0.036693 -0.006114 8.906824 8.808418 0.002232 -0.033579 -0.000750 -0.004116 10.134143 10.427693 8.289199 12.212838 0.000762 -0.005094 -0.000221 -0.001600 0.002794 -0.002724 0.002930
-0.000994 0.003487 0.008656 4.554195 -0.008911 -0.002802 4.711648 1.356686 0.931365 1.218879 0.054636 1.880046 0.057049 -0.037420 -0.036692 -0.006115 8.906433 8.808487 0.002231 -0.033579 -0.000749 -0.004116 10.133783 10.427631 8.290768 12.214919 0.000762 -0.005093 -0.000221 -0.001601 0.002794 -0.002726 0.002931
-0.000994 0.003486 0.008655 4.554116 -0.008911 -0.002805 4.711578 1.356846 0.931417 1.218878 0.054631 1.879953 0.057052 -0.037416 -0.036688 -0.006115 8.906430 8.808467 0.002232 -0.033582 -0.000750 -0.004116 10.133912 10.427728 8.290647 12.214804 0.000762 -0.005094 -0.000221 -0.001600 0.002794 -0.002726 0.002931
-0.000994 0.003487 0.008655 4.554018 -0.008911 -0.002809 4.711750 1.356887 0.931463 1.218948 0.054623 1.880075 0.057050 -0.037420 -0.036692 -0.006115 8.906171 8.808443 0.002231 -0.033582 -0.000750 -0.004116 10.133742 10.427646 8.290736 12.214783 0.000762 -0.005093 -0.000221 -0.001601 0.002795 -0.002726 0.002931
-0.000995 0.003486 0.008654 4.553683 -0.008912 -0.002808 4.711217 1.357193 0.931298 1.218963 0.054614 1.879369 0.057048 -0.037419 -0.036691 -0.006115 8.906251 8.808105 0.002232 -0.033578 -0.000750 -0.004116 10.134374 10.428121 8.289652 12.213354 0.000762 -0.005094 -0.000221 -0.001600 0.002794 -0.002725 0.002930
-0.000995 0.003486 0.008654 4.553032 -0.008913 -0.002803 4.711447 1.357503 0.931398 1.219154 0.054638 1.879278 0.057029 -0.037418 -0.036690 -0.006115 8.906107 8.808020 0.002232 -0.033577 -0.000750 -0.004116 10.134065 10.427827 8.289762 12.213345 0.000762 -0.005093 -0.000221 -0.001600 0.002794 -0.002724 0.002931
-0.000995 0.003486 0.008654 4.553179 -0.008911 -0.002802 4.711676 1.357404 0.931416 1.219233 0.054650 1.879390 0.057016 -0.037412 -0.036684 -0.006116 8.906666 8.808320 0.002232 -0.033579 -0.000749 -0.004117 10.133856 10.427446 8.289927 12.213902 0.000761 -0.005093 -0.000221 -0.001600 0.002793 -0.002724 0.002931
-0.000994 0.003486 0.008655 4.553647 -0.008911 -0.002804 4.712027 1.357059 0.931526 1.219146 0.054639 1.879999 0.057029 -0.037416 -0.036688 -0.006116 8.906389 8.808529 0.002231 -0.033582 -0.000749 -0.004116 10.133621 10.427346 8.290835 12.214992 0.000762 -0.005093 -0.000221 -0.001600 0.002795 -0.002725 0.002931
-0.000994 0.003487 0.008655 4.554026 -0.008911 -0.002805 4.711524 1.356877 0.931341 1.218934 0.054617 1.879874 0.057043 -0.037416 -0.036688 -0.006115 8.906344 8.808504 0.002231 -0.033581 -0.000749 -0.004116 10.134168 10.427918 8.290416 12.214429 0.000762 -0.005094 -0.000221 -0.001601 0.002795 -0.002726 0.002931
-0.000994 0.003486 0.008655 4.554118 -0.008911 -0.002803 4.711683 1.356840 0.931353 1.218938 0.054617 1.879927 0.057055 -0.037412 -0.036684 -0.006115 8.906386 8.808396 0.002232 -0.033581 -0.000749 -0.004116 10.134022 10.427757 8.290587 12.214619 0.000762 -0.005093 -0.000221 -0.001600 0.002794 -0.002725 0.002931
-0.000995 0.003486 0.008654 4.553515 -0.008911 -0.002803 4.710938 1.357167 0.931236 1.219119 0.054607 1.879191 0.057042 -0.037416 -0.036688 -0.006115 8.906549 8.808145 0.002233 -0.033582 -0.000750 -0.004116 10.134357 10.427910 8.289342 12.212914 0.000762 -0.005095 -0.000220 -0.001600 0.002793 -0.002724 0.002930
-0.000995 0.003486 0.008653 4.553123 -0.008912 -0.002804 4.710690 1.357343 0.931273 1.219198 0.054614 1.879042 0.057033 -0.037423 -0.036695 -0.006115 8.906413 8.808084 0.002233 -0.033582 -0.000750 -0.004117 10.134474 10.428006 8.289170 12.212608 0.000762 -0.005095 -0.000220 -0.001600 0.002793 -0.002724 0.002930
-0.001315 0.003675 0.008583 4.509956 -0.009792 -0.002090 4.509618 1.032112 1.036325 1.265370 0.049945 1.657666 0.036118 -0.041296 -0.040555 -0.006201 8.842727 8.687780 0.002138 -0.034816 -0.000942 -0.003717 9.731207 10.034439 7.621910 11.448418 0.000960 -0.005054 -0.000013 -0.001777 0.002774 -0.002714 0.003130
-0.000014 0.002832 0.008885 4.662280 -0.006123 -0.005292 5.301091 2.377677 0.635449 1.102326 0.070402 2.657175 0.128644 -0.025021 -0.024322 -0.005891 9.050754 9.096622 0.002591 -0.030286 -0.000170 -0.005371 11.364824 11.625188 10.520666 14.744506 0.000154 -0.005152 -0.000848 -0.001023 0.002855 -0.002777 0.002340
0.002046 0.001904 0.009420 5.069025 -0.000820 -0.010336 6.609142 4.224284 -0.087641 0.712531 0.095928 3.723392 0.035752 0.000698 0.001315 -0.005848 9.536410 10.041863 0.003129 -0.022348 0.001094 -0.008247 14.172970 14.384803 14.223126 19.223572 -0.001143 -0.006024 -0.002017 -0.000094 0.003122 -0.002951 0.001026
0.001947 0.002529 0.009031 5.198081 -0.001378 -0.002126 7.138992 4.569850 -0.498241 0.554096 0.069300 2.960419 0.554673 -0.019949 -0.019509 -0.003388 10.407788 11.191678 0.001902 -0.013048 0.001278 -0.006428 13.587250 13.807007 12.540913 16.951925 -0.000877 -0.005200 -0.002813 -0.000211 0.002611 -0.002145 0.000572
-0.000411 0.003778 0.006868 4.301671 -0.009150 0.016028 6.074290 2.787523 0.150433 0.761719 0.075680 0.743138 2.391642 -0.045584 -0.045485 0.001076 10.496854 10.982007 -0.000001 -0.005639 -0.000520 0.000030 8.119053 8.546006 5.314856 7.730072 0.000416 -0.002212 -0.002626 -0.001032 0.001175 -0.000669 0.002130
-0.001893 0.003767 0.004782 3.245453 -0.014245 0.028947 5.173444 1.793479 0.861882 0.972559 0.103530 -0.298171 4.340343 -0.053236 -0.053488 0.005018 10.076776 10.217175 -0.000994 0.001815 -0.002023 0.004887 3.538270 4.163616 0.843858 1.640979 0.000951 0.000734 -0.002703 -0.001135 -0.000240 0.000463 0.003621
-0.001700 0.003055 0.004182 2.944135 -0.014221 0.028847 5.008769 1.754770 1.086778 0.970668 0.110832 -0.103721 4.728897 -0.034537 -0.034882 0.005265 9.506524 9.711770 -0.000840 0.002869 -0.002158 0.004772 2.964457 3.707115 0.879052 1.589409 0.000521 0.001013 -0.002728 -0.000796 -0.000516 0.000631 0.004028
-0.001792 0.003364 0.004748 3.417293 -0.012973 0.027079 5.256265 1.959086 0.868289 0.921493 0.029527 -0.008815 3.698845 -0.039896 -0.039953 0.003857 9.548338 10.258894 -0.000573 -0.001344 -0.001577 0.003552 4.327591 5.070017 1.712339 2.791750 0.000636 0.000207 -0.002433 -0.000964 -0.000087 0.000829 0.003528
-0.001866 0.003808 0.005365 3.919254 -0.011372 0.022669 5.506755 2.408632 0.641713 0.965063 0.001534 0.105019 2.363517 -0.032436 -0.032240 0.002326 9.765521 10.881084 0.000172 -0.004777 -0.001109 0.001940 6.267009 6.917824 2.838695 4.487654 0.000712 -0.000570 -0.002039 -0.001095 0.000484 0.000780 0.002651
-0.001999 0.003679 0.005453 4.431248 -0.009761 0.014543 5.842288 3.686384 0.605888 1.070707 -0.002265 0.138023 0.952827 -0.009036 -0.008638 0.000684 9.997879 11.166057 0.001575 -0.004536 -0.000943 -0.000204 8.507350 9.173281 3.678296 6.014396 0.000290 -0.001607 -0.001066 -0.000936 0.000171 0.000984 0.001772
-0.001700 0.002969 0.004860 4.830024 -0.008059 0.003647 6.028849 5.131623 0.538288 1.041558 0.021556 0.104776 0.125501 -0.008698 -0.008332 -0.000573 10.599987 11.394504 0.002724 -0.002567 -0.001042 -0.002620 10.668169 11.429105 4.341838 7.555987 -0.000289 -0.002817 0.000172 -0.000519 -0.000669 0.001059 0.000900
-0.001138 0.001982 0.003236 5.404314 -0.005461 -0.005376 5.782949 6.905007 0.617030 1.096904 0.044957 0.054462 0.022754 0.023479 0.023798 -0.000986 12.218154 12.123575 0.003991 0.002482 -0.001866 -0.005148 13.020849 13.577027 5.431473 9.597528 -0.000747 -0.003931 0.001723 0.000404 -0.001293 0.000799 -0.000329
-0.000723 0.001699 0.002398 5.541129 -0.005333 -0.003813 4.880701 6.828783 0.641220 1.521338 0.046492 0.028712 0.139831 0.056179 0.056589 -0.000004 13.143639 12.850089 0.003153 0.007500 -0.002342 -0.005411 13.240913 13.833679 5.350149 9.450210 -0.000330 -0.004102 0.001866 0.000828 -0.001788 0.001004 -0.000601
-0.000142 0.001395 0.001420 5.885024 -0.005483 -0.000385 3.944859 7.411849 0.876147 2.322113 0.021871 -0.015961 0.164117 0.222226 0.222926 0.001021 13.926325 13.143693 0.002849 0.016019 -0.002903 -0.005498 13.557170 13.884509 4.978772 8.864545 -0.000206 -0.004205 0.001818 0.001639 -0.003069 0.001358 -0.000779
0.000393 0.000800 0.000964 6.087222 -0.006450 -0.001153 3.094943 8.202865 1.217649 3.060442 -0.025411 -0.036033 0.167978 0.999884 1.000864 0.001999 13.856034 12.896573 0.002690 0.025236 -0.003515 -0.005038 13.442040 13.540225 4.242208 7.765914 -0.000017 -0.004194 0.001554 0.002126 -0.004907 0.001837 -0.000046
0.000729 -0.000247 0.000155 6.694501 -0.005767 -0.007553 2.553719 9.420159 1.665739 3.478031 -0.057101 -0.043080 0.201979 1.570206 1.571391 0.002141 14.244688 12.650620 0.003045 0.033695 -0.004145 -0.005182 13.876929 13.634316 4.106656 7.722614 -0.000177 -0.004286 0.001859 0.002676 -0.005984 0.002156 0.000532
0.000301 -0.000591 -0.000223 7.138930 -0.005425 -0.013888 2.460233 9.665065 1.986708 3.450043 -0.058924 -0.067240 0.213290 1.150370 1.151646 0.001024 14.007629 12.126022 0.004458 0.030723 -0.004250 -0.005828 13.682736 13.369520 4.776036 8.540170 -0.000965 -0.004447 0.002435 0.003029 -0.006822 0.002617 0.000816
0.000692 -0.000817 0.000553 6.836370 -0.001917 -0.022497 3.278950 9.192686 1.561986 3.027311 -0.000164 0.065710 0.272631 0.211333 0.212507 -0.002113 13.771427 11.248469 0.005524 0.016745 -0.003234 -0.008213 14.767228 13.963718 9.186847 13.898663 -0.002623 -0.005052 0.002880 0.003278 -0.005576 0.001399 -0.001027
0.001525 -0.000766 0.003185 5.960595 0.001823 -0.021677 4.451472 7.818255 0.797490 2.205711 0.065116 1.171782 0.296504 -0.096281 -0.095257 -0.004895 12.347769 9.834550 0.003723 0.003689 -0.000656 -0.009127 14.985541 14.181901 13.880630 19.258760 -0.003193 -0.005181 0.001993 0.002519 -0.002938 -0.000676 -0.002277
0.001691 -0.000025 0.005974 6.566172 0.005446 -0.016926 5.940846 5.554362 -0.092876 1.356237 0.114490 2.409751 0.291228 -0.012481 -0.011645 -0.005425 11.776810 9.670685 0.000214 -0.000491 0.001987 -0.008111 15.349863 14.951098 16.848423 22.470795 -0.002238 -0.004716 0.000096 0.001440 0.000575 -0.002363 -0.002707
0.000977 0.001129 0.006597 8.506279 0.007464 -0.013951 6.809757 4.735098 -0.355711 0.904952 0.132885 2.912896 0.267288 -0.023097 -0.022455 -0.004237 12.415556 10.623258 -0.000977 0.003006 0.002505 -0.007502 15.999295 15.912574 17.515835 23.284315 -0.001349 -0.004410 -0.000733 0.001219 0.001999 -0.002778 -0.002863
-0.000314 0.001489 0.006554 12.704313 0.010920 -0.019646 7.061144 5.660797 -0.473332 1.220121 0.132684 3.807561 0.242433 -0.009963 -0.009590 -0.003291 14.873686 12.772690 -0.002259 0.004382 0.001870 -0.008977 17.558462 17.000168 21.136477 26.936819 -0.001888 -0.004088 0.000367 0.001152 0.003121 -0.002577 -0.004585
-0.000925 0.001395 0.006416 16.202293 0.013345 -0.023182 7.104775 7.314655 -0.428148 1.336089 0.136870 4.310979 0.227633 0.008760 0.008931 -0.003048 16.903793 14.469919 -0.003229 0.005581 0.001296 -0.010073 17.882057 17.135080 23.840597 29.646740 -0.002821 -0.003501 0.001769 0.001193 0.002918 -0.001957 -0.005888
-0.001254 0.001307 0.005912 17.936296 0.015323 -0.026140 7.235353 8.299481 -0.529360 1.506054 0.143896 3.544754 0.234521 0.020130 0.020188 -0.002964 18.395311 15.840747 -0.002763 0.005114 0.000529 -0.010875 18.526821 17.612625 25.138689 30.936642 -0.003234 -0.003997 0.002492 0.001350 0.002789 -0.001809 -0.007518
-0.000349 0.000542 0.005101 13.831532 0.013162 -0.020266 6.926219 8.344701 -0.290063 1.344120 0.144102 2.853754 0.265866 0.008625 0.008885 -0.003629 16.650734 14.476661 -0.001999 0.002559 0.000340 -0.010560 17.021616 16.656534 22.657907 28.284546 -0.003119 -0.004450 0.001929 0.001618 0.002169 -0.001977 -0.006564
0.000356 -0.000503 0.004550 9.348188 0.010767 -0.014212 6.568924 9.244999 0.023590 1.558447 0.130356 2.996855 0.280205 -0.006769 -0.006296 -0.003734 14.831801 12.356286 -0.001121 -0.002643 0.001152 -0.010400 16.703892 16.344852 20.852020 26.131927 -0.003299 -0.004200 0.001673 0.002173 0.001587 -0.002031 -0.005643
0.001187 -0.000464 0.005461 6.707293 0.008606 -0.012241 6.826461 8.226041 -0.053395 1.512848 0.128580 4.244547 0.249071 -0.009414 -0.008962 -0.003879 13.558542 10.544737 -0.001282 -0.004598 0.002757 -0.008622 16.802507 16.485271 20.286495 25.535175 -0.002147 -0.003284 0.000225 0.002179 0.001464 -0.002716 -0.003822
0.000558 -0.000763 0.005965 7.319976 0.009126 -0.014494 7.200602 10.052688 0.141009 1.543645 0.142465 3.718805 0.238163 -0.006000 -0.005404 -0.003530 13.581266 10.261027 0.000045 -0.003472 0.002786 -0.007624 17.714117 17.169519 20.427404 25.775124 -0.001951 -0.003656 0.000068 0.001996 0.000797 -0.003100 -0.004283
-0.001027 -0.002219 0.005682 8.482654 0.011020 -0.015308 7.332082 13.928509 0.733347 1.260821 0.164656 2.537855 0.254865 -0.345472 -0.344498 -0.003135 13.413083 10.297904 0.002427 -0.006395 0.002152 -0.008044 17.749371 17.163565 20.323269 25.446672 -0.002504 -0.004620 0.001113 0.001771 0.000126 -0.002992 -0.005617
-0.002636 -0.002697 0.002019 9.313537 0.008011 -0.018385 6.833250 18.268265 2.202004 1.300497 0.126561 0.375758 0.315454 1.086530 1.087652 -0.000968 13.942309 10.640192 0.006665 -0.004506 -0.000907 -0.009253 17.482605 16.498970 15.731779 20.486446 -0.002710 -0.005474 0.004109 0.002220 -0.003396 -0.001206 -0.005924
-0.003319 -0.001785 -0.001734 10.062261 0.003364 -0.019666 6.179901 18.685352 3.578344 1.551697 0.085742 0.048640 0.303108 2.807243 2.808527 0.000702 14.675510 10.084328 0.008898 0.004052 -0.003244 -0.009428 16.815123 15.326756 11.091936 15.851110 -0.001497 -0.005210 0.006253 0.002794 -0.006461 0.000290 -0.004698
-0.002831 -0.001537 -0.003468 9.583060 0.001665 -0.020681 5.460815 18.128664 3.550118 2.740791 0.078027 0.007133 0.316024 3.029704 3.031296 0.000760 15.587651 9.950175 0.010431 0.007966 -0.004779 -0.010620 17.291325 14.922066 9.916972 14.728463 -0.002012 -0.005281 0.007309 0.003869 -0.007364 0.000682 -0.004295
-0.002707 -0.001363 -0.003770 9.918235 0.002220 -0.019082 5.456036 17.805737 3.426580 3.398133 0.084346 0.054938 0.317744 3.179942 3.181763 0.001086 16.278090 9.869651 0.010255 0.002696 -0.004474 -0.010905 17.424694 14.623507 10.090184 14.856593 -0.002511 -0.004577 0.007960 0.004796 -0.007791 0.000933 -0.004575
-0.002487 -0.001194 -0.002264 10.195904 0.004207 -0.022056 6.468564 16.808458 2.708099 3.082643 0.074791 0.063702 0.355776 2.838519 2.840275 0.000241 16.846611 10.337111 0.010120 -0.002553 -0.003960 -0.012347 17.957457 15.093906 11.929896 16.582834 -0.003539 -0.005691 0.008342 0.005018 -0.006733 0.000960 -0.004812
-0.002205 -0.000843 -0.001834 10.826929 0.004928 -0.017426 7.256670 16.322477 2.784409 2.377591 0.060368 0.044121 0.336789 2.083935 2.085730 -0.000386 16.719036 10.260669 0.009363 -0.001415 -0.003203 -0.012320 17.868053 15.230649 12.124802 16.869400 -0.003563 -0.006411 0.008306 0.004858 -0.006170 0.000964 -0.004598
-0.001298 -0.001249 0.000393 11.132532 0.007352 -0.011737 7.331490 15.212296 1.733630 2.584417 0.069465 0.056006 0.324337 0.194552 0.196141 -0.002183 16.509684 10.847862 0.008565 -0.002914 -0.002218 -0.012330 18.769794 15.921521 14.182404 19.133539 -0.004211 -0.007870 0.006557 0.004287 -0.003398 -0.000128 -0.005122
-0.001330 -0.001092 0.002166 13.269124 0.007135 -0.009151 6.788720 13.966948 1.537074 2.685243 0.079470 0.186977 0.313187 0.229921 0.230911 -0.002570 15.543565 11.375780 0.006087 0.000040 -0.001325 -0.009452 17.856054 15.585790 14.183263 19.467587 -0.003938 -0.006402 0.004647 0.003260 -0.002795 -0.000471 -0.004933
-0.001526 -0.001811 0.005521 15.652022 0.008640 -0.013484 6.875314 11.528407 0.711736 2.281523 0.136040 0.396079 0.315755 -0.095873 -0.095321 -0.004087 14.348945 11.678222 0.005209 0.003597 0.000069 -0.007728 16.812456 15.456094 16.288231 21.862783 -0.004716 -0.005038 0.002883 0.002845 -0.001560 -0.000645 -0.004902
-0.001639 -0.001430 0.005001 18.245697 0.006583 -0.014438 6.658160 10.408651 1.097239 2.054073 0.140301 0.401925 0.276484 -0.116626 -0.116353 -0.002982 13.749228 12.197326 0.005209 0.010138 0.000062 -0.006679 14.989999 14.386887 14.477032 19.888702 -0.004861 -0.002910 0.003259 0.003272 -0.002308 0.000548 -0.003929
-0.001599 0.000101 0.003371 19.405809 0.002314 -0.017236 5.833486 9.102316 1.572586 2.097022 0.097031 0.200547 0.174629 0.298124 0.298307 -0.000660 14.308022 12.590780 0.004795 0.013554 -0.000803 -0.004907 12.787299 12.342079 9.846225 14.555292 -0.003867 -0.001681 0.004259 0.003121 -0.003762 0.001952 -0.002322
-0.001636 0.002170 0.001683 19.667969 -0.002371 -0.025888 4.831185 8.413646 1.920769 1.965662 0.021159 0.013677 0.108467 2.012106 2.012137 0.001817 15.102843 12.848873 0.004456 0.018999 -0.001645 -0.002965 11.275206 10.957194 5.004704 8.925071 -0.002471 -0.001127 0.005222 0.001976 -0.006027 0.002958 -0.000405
-0.001241 0.001340 0.001766 17.055246 -0.000366 -0.024877 5.101130 9.804729 1.564511 1.656718 0.038243 0.067784 0.186847 2.173406 2.173565 0.001089 15.308201 12.612540 0.004688 0.016788 -0.001603 -0.004192 12.587480 12.311623 7.480013 11.664331 -0.002753 -0.002051 0.004794 0.002198 -0.006129 0.002086 -0.001334
-0.000516 0.001623 0.001943 13.884652 0.002203 -0.022502 5.903989 8.812365 0.672962 1.635996 0.055371 0.087486 0.268216 1.275395 1.275410 0.000343 16.289173 13.119592 0.004563 0.013426 -0.000999 -0.005521 14.867153 14.371793 9.035012 13.801883 -0.002053 -0.003138 0.003701 0.002742 -0.004305 0.000221 -0.003275
0.000044 0.000822 0.001611 10.588692 0.003716 -0.014502 6.684705 8.836233 0.229313 1.459026 0.084470 -0.689091 0.300690 0.012233 0.012327 -0.000293 15.713387 12.557075 0.004219 0.010911 -0.000685 -0.006171 15.864553 15.292293 9.185461 14.260889 -0.002364 -0.003697 0.002912 0.003466 -0.003388 -0.000216 -0.004464
-0.000716 0.001061 0.004573 11.033332 0.006596 -0.021281 6.609811 7.748790 -0.031206 1.858423 0.074800 2.590247 0.246033 0.235333 0.235432 -0.001685 16.856115 12.717703 0.002714 0.004239 0.000943 -0.007131 18.573521 17.284214 15.841147 20.830265 -0.000349 -0.004090 0.002704 0.002500 -0.000751 -0.002183 -0.005404
-0.002450 0.000092 0.008648 13.642070 0.013513 -0.027222 7.181440 9.953434 -0.250798 2.013588 0.100730 6.936090 0.237071 -0.022493 -0.022216 -0.004394 18.791109 14.117853 0.001363 -0.007986 0.002730 -0.010777 22.296324 20.671280 28.543100 33.766151 -0.000192 -0.004531 0.003094 0.001635 0.003389 -0.004343 -0.008171
-0.003241 0.001431 0.011631 16.805767 0.016218 -0.039982 7.620696 9.616197 -0.912734 1.730232 0.114746 9.397860 0.195577 0.043173 0.043471 -0.005684 21.557367 16.550367 0.000337 -0.015996 0.003735 -0.012262 24.038231 22.646561 34.721077 40.142151 0.001024 -0.004457 0.002948 0.000328 0.006057 -0.006048 -0.009591
-0.001674 0.000553 0.010133 14.292520 0.013682 -0.035614 7.910681 11.935922 -0.873458 1.009600 0.152898 8.132994 0.212639 0.032282 0.032911 -0.005500 18.677971 14.643617 0.001363 -0.013056 0.003310 -0.011733 21.968565 21.346298 30.936529 36.320461 -0.000968 -0.003629 0.002253 0.000882 0.003688 -0.004345 -0.007634
-0.000387 0.000851 0.009687 11.892852 0.012812 -0.033401 7.627391 11.206928 -0.963277 1.308974 0.158032 8.176834 0.206879 0.026403 0.027157 -0.004758 17.035376 13.250070 -0.000125 -0.012425 0.003678 -0.010948 21.890606 21.026272 29.460745 34.847050 -0.000588 -0.003132 0.001045 0.000885 0.003241 -0.004010 -0.006273
0.000638 -0.000274 0.008011 8.500720 0.010092 -0.021630 7.276784 10.141558 -0.301983 1.351312 0.147457 6.775795 0.221224 0.012207 0.012992 -0.004874 13.095213 10.104762 0.000176 -0.013100 0.004367 -0.008845 19.241684 18.794550 24.187403 29.685921 -0.001320 -0.003283 0.000323 0.001159 0.002065 -0.003229 -0.003557
0.000747 -0.000916 0.007743 6.998464 0.008376 -0.011971 7.132405 10.030636 -0.070290 1.261771 0.157738 7.465295 0.211467 0.007257 0.008120 -0.005732 11.044233 8.114354 0.000407 -0.011433 0.004735 -0.007229 18.194284 17.853359 23.251778 28.708933 -0.001257 -0.003540 0.000098 0.000905 0.001599 -0.003694 -0.002143
0.001378 -0.001819 0.007916 4.620903 0.007038 -0.008953 6.690184 10.583467 -0.117470 1.711766 0.161313 9.051221 0.187329 0.006161 0.007251 -0.006665 9.151097 5.876357 0.000842 -0.005748 0.004925 -0.005763 17.669083 16.861649 23.379631 28.590542 -0.001384 -0.003156 -0.000905 0.000893 0.000614 -0.004009 -0.000823
0.000848 -0.002319 0.007169 5.350415 0.007796 -0.010718 5.645689 10.505055 0.158581 2.471223 0.159126 10.301565 0.215235 0.023603 0.024972 -0.007601 9.561796 5.832510 0.000708 0.001326 0.003234 -0.006639 18.065710 16.553631 25.337711 30.450066 0.000039 -0.004688 -0.000394 0.000577 0.000011 -0.005409 -0.001181
0.000277 -0.003188 0.004291 6.612818 0.005330 -0.009719 4.706264 10.177734 1.985405 2.269040 0.115042 5.383447 0.255548 0.017185 0.018458 -0.007179 8.554001 5.749729 0.004570 0.007604 0.000358 -0.005874 14.921114 14.000290 18.404541 23.554691 0.000502 -0.006857 0.001188 0.001302 -0.003292 -0.004558 -0.000549
-0.001129 -0.003699 0.002255 8.335753 0.004667 -0.002670 3.763613 11.652059 3.768463 2.195237 0.103649 4.085972 0.326829 0.023029 0.024136 -0.007498 7.719772 5.531576 0.007074 0.011750 -0.001546 -0.006138 13.333362 12.761225 16.521757 21.501900 0.001429 -0.008132 0.003589 0.001566 -0.004895 -0.005464 -0.000226
-0.001230 -0.002634 0.002755 9.514038 0.003334 -0.005506 4.433895 12.012276 4.773914 2.019263 0.068067 2.916832 0.285593 -0.059062 -0.058293 -0.006485 8.163825 6.122455 0.007599 0.011887 -0.000497 -0.004988 12.604206 12.295124 14.799825 19.906090 0.001626 -0.006515 0.003482 0.001888 -0.004906 -0.004854 0.000104
-0.000518 -0.001073 0.001899 12.187073 -0.001112 0.001108 3.832808 12.581615 6.738164 1.718070 0.080108 2.526560 0.235813 0.255586 0.256191 -0.003072 8.863933 7.208892 0.005417 0.018313 -0.000660 -0.002421 10.024962 10.186666 10.562900 14.895696 0.001855 -0.003244 0.002518 0.001424 -0.005156 -0.002882 0.002924
0.000034 0.000433 0.001383 13.123513 -0.004852 -0.001985 4.569262 11.079973 6.431010 1.132915 0.082977 -0.289044 0.144779 0.344019 0.344477 0.000209 10.731081 9.383698 0.005333 0.020426 -0.001230 0.000091 8.347346 9.255612 4.527678 8.555353 0.000886 -0.001243 0.001639 0.001587 -0.006083 0.000293 0.003661
-0.000714 -0.000630 0.000852 12.327039 -0.002541 -0.002301 4.947234 12.665279 5.642360 0.941373 0.317720 0.079696 0.146445 0.177807 0.178450 -0.000692 11.620224 9.756728 0.006373 0.018973 -0.002077 -0.002094 10.068581 10.787910 6.794905 11.241913 -0.000213 -0.002575 0.002353 0.002115 -0.005597 -0.000316 0.001979
-0.001161 -0.001274 0.001352 12.702713 -0.003375 -0.025882 5.628371 12.739626 5.681326 0.780770 0.644915 0.145773 0.240690 0.133637 0.134083 -0.000824 11.021344 8.933004 0.005275 0.012896 -0.001878 -0.000825 9.605804 10.151221 7.501338 11.917176 0.000212 -0.001977 0.002312 0.002041 -0.006381 -0.000920 0.002045
-0.001388 -0.001330 -0.000057 15.434464 -0.010394 0.096040 3.346226 13.769951 9.942506 1.018254 0.588627 -0.552884 0.427021 0.314259 0.314289 0.003164 7.953819 6.774090 0.001508 0.011129 -0.002435 0.004562 4.634587 5.214987 2.089760 4.820925 0.003395 0.001612 0.001123 0.000294 -0.008385 -0.001103 0.006807
-0.001522 -0.001644 0.001860 16.374763 -0.004631 0.130239 3.172066 12.298874 8.204112 1.797795 0.239629 2.347401 0.418966 0.241553 0.241627 0.002207 8.986168 7.856947 -0.002174 0.004239 -0.000574 0.002507 5.676708 5.995997 7.792473 10.551277 0.002608 0.001663 0.000638 -0.000400 -0.004807 -0.001708 0.004981
-0.001288 -0.000808 0.004662 16.817102 0.006738 0.081188 4.810163 10.630746 3.291321 1.638904 0.186509 3.159618 0.306676 -0.035108 -0.034815 -0.001297 14.152812 11.738216 -0.001620 0.004165 0.000379 -0.005783 12.428790 12.305260 17.271105 21.793989 -0.000900 -0.002207 0.000727 0.001252 -0.000273 -0.001667 -0.001876
-0.002959 0.002692 0.008828 19.592318 0.015890 -0.042461 6.744248 6.899857 -1.011927 0.678833 0.348174 5.771077 0.198837 -0.004471 -0.004352 -0.004218 21.529448 17.655115 -0.001455 0.008910 0.000778 -0.013046 20.493557 19.844828 28.501328 34.173550 0.000080 -0.005366 0.004089 0.000377 0.005138 -0.004028 -0.010298
-0.004004 0.004997 0.010104 21.202620 0.015203 -0.025429 6.538208 4.978754 -0.346681 0.188220 0.295392 5.614093 0.270032 -0.016341 -0.016436 -0.003579 24.012480 19.436838 0.000103 0.007643 0.000638 -0.013059 22.851078 21.651531 30.152512 35.741928 0.003320 -0.005537 0.005392 -0.000292 0.006530 -0.006603 -0.012140
-0.004847 0.004848 0.011520 21.063047 0.018114 -0.034324 6.317135 5.771739 -0.213889 0.757780 0.136593 8.595890 0.277100 0.001264 0.001317 -0.004046 25.218344 19.970091 0.000181 -0.000041 0.001684 -0.014349 25.143400 22.987759 35.750416 41.453941 0.004254 -0.005631 0.006513 -0.000158 0.009046 -0.008576 -0.013153
-0.004298 0.004653 0.013314 19.939884 0.018478 -0.042319 5.729974 6.529979 -0.249329 1.658330 0.136911 11.633431 0.223982 0.018701 0.018994 -0.004186 24.972370 19.050745 -0.000189 -0.004906 0.001973 -0.014471 25.120190 22.282503 38.233418 43.932808 0.004038 -0.005212 0.007136 0.001318 0.010088 -0.008600 -0.012839
-0.004416 0.003762 0.014155 19.026644 0.018689 -0.034084 5.402228 5.401252 -0.285828 2.268476 0.115230 14.347817 0.170930 0.025839 0.026176 -0.005833 23.710773 17.319069 -0.001182 -0.003050 0.002233 -0.012977 23.939873 20.953968 39.040379 44.640244 0.004523 -0.005346 0.007286 0.000762 0.010374 -0.009240 -0.012662
-0.002742 0.002078 0.012493 17.955267 0.018279 -0.028528 6.216436 5.808703 -0.816429 2.121839 0.143423 10.672145 0.203870 -0.004947 -0.004832 -0.006376 21.523735 15.599730 -0.000076 -0.007110 0.002680 -0.010522 22.240723 19.882742 34.228771 39.899544 0.001421 -0.005046 0.003949 0.001191 0.007194 -0.007715 -0.010970
-0.001497 0.000777 0.006780 14.530087 0.009171 -0.027499 6.103772 7.322141 -0.058365 1.810539 0.104691 3.634481 0.239471 -0.047713 -0.047345 -0.003914 18.198545 13.759604 0.002236 0.003005 0.000612 -0.007196 18.136570 17.099148 20.329351 25.513975 -0.001154 -0.003937 0.002126 0.001588 0.000408 -0.003027 -0.005667
-0.000688 0.001316 0.001736 12.416456 -0.002750 -0.026512 4.128136 11.128714 3.176864 1.987906 0.040334 0.269122 0.204774 0.740416 0.741075 0.000478 15.527766 12.292719 0.004907 0.023219 -0.002358 -0.003825 14.054500 13.781743 8.022341 12.146816 -0.000195 -0.001905 0.003307 0.001915 -0.005384 0.000225 -0.000034
-0.000429 0.000194 0.000459 9.858780 -0.004532 -0.014230 3.483076 11.870294 4.133466 2.420296 0.007897 0.150795 0.243855 0.958300 0.959272 0.000235 13.451549 10.439499 0.005567 0.028339 -0.002664 -0.003504 12.730054 12.164291 6.165862 10.132778 -0.000461 -0.002406 0.003262 0.002337 -0.005964 0.000366 0.001350
-0.000905 -0.001415 0.001766 9.496490 0.003558 -0.016260 4.646936 12.506214 2.606266 2.273832 0.078740 0.710178 0.326668 0.528942 0.529957 -0.002367 14.205310 10.995040 0.006053 0.014316 -0.001833 -0.008447 15.811209 14.397122 13.879431 18.602121 -0.002483 -0.004892 0.003285 0.002991 -0.003021 -0.001199 -0.002626
-0.001854 -0.001788 0.000937 8.922832 0.005014 -0.021684 5.029758 12.054347 1.494053 1.959747 0.065092 0.546754 0.344347 -0.135730 -0.134365 -0.003608 15.139479 11.970844 0.006468 0.016283 -0.002578 -0.011245 16.817110 15.442982 14.584650 19.846388 -0.004206 -0.006073 0.005022 0.003546 -0.002332 -0.000550 -0.004785
-0.001770 0.000032 -0.002698 11.233979 -0.000990 -0.172523 3.709883 13.159457 4.985749 1.422756 -0.017316 -0.090587 0.110905 0.865439 0.866882 0.000465 14.242133 11.437211 0.007177 0.043993 -0.003654 -0.008725 13.783404 12.934324 7.240330 11.602394 0.000127 -0.004759 0.007105 0.003137 -0.004018 0.002093 -0.002963
0.004111 0.001626 -0.000714 15.897720 -0.011206 0.635438 3.232196 16.474882 10.057319 1.210837 0.423079 0.029944 0.602375 2.554741 2.552125 0.006040 10.592484 8.679724 -0.012409 0.000176 0.001290 0.009750 8.799045 8.898727 2.140301 4.967202 0.006610 0.007413 -0.004335 -0.001676 -0.014805 -0.006836 0.010338
0.008860 0.004942 0.001509 21.161615 -0.018408 1.134252 2.902027 18.874468 14.283257 1.543250 0.648191 -0.041049 1.586062 4.029679 4.023023 0.011670 7.240413 7.150400 -0.030135 -0.052616 0.004815 0.022191 4.514692 5.218395 0.333604 1.955292 0.011153 0.019267 -0.012708 -0.008263 -0.019606 -0.013053 0.021033
0.010239 0.007693 0.002267 23.202345 -0.022438 1.295457 2.814907 19.136137 15.465944 2.069214 0.538080 -0.145501 2.457109 4.320561 4.311949 0.014304 6.265682 7.253952 -0.041314 -0.075365 0.005499 0.024626 2.809331 4.018045 -0.104920 1.359176 0.010571 0.025270 -0.013890 -0.012366 -0.018556 -0.013710 0.024699
0.007306 0.008994 -0.000683 20.826069 -0.019404 0.647050 2.621608 16.499077 14.715308 2.181054 0.134729 -0.344850 2.251435 3.980048 3.973201 0.014433 6.893431 8.363751 -0.033502 -0.028181 0.002874 0.013068 3.127617 4.396395 0.411571 2.078895 0.009140 0.020397 -0.004403 -0.011373 -0.007985 -0.006325 0.017151
0.009062 0.006987 0.002187 17.854204 -0.019094 0.545065 2.769395 17.377218 13.519070 1.910856 0.570108 -0.244139 2.001502 3.815700 3.808067 0.013347 7.263521 7.794853 -0.028416 -0.020487 0.005018 0.017870 3.432744 5.266468 0.425455 2.295518 0.010126 0.020403 -0.009027 -0.010313 -0.013155 -0.012781 0.020280
0.009681 0.004321 0.002162 15.718425 -0.015657 0.205316 2.866543 16.252178 12.677911 1.956411 0.688567 -0.395323 1.343741 3.390016 3.382922 0.010577 7.374940 7.650455 -0.022017 -0.005145 0.005963 0.016298 3.761349 6.131672 0.006378 1.990720 0.010380 0.016975 -0.008784 -0.007042 -0.012406 -0.015112 0.019376
0.006515 -0.000156 0.002012 12.762250 -0.006529 0.073598 3.659615 17.119156 9.327231 1.968894 0.470354 -0.003292 0.728250 1.885311 1.881521 0.005111 7.543995 7.268353 -0.012525 -0.000534 0.004157 0.007370 7.282763 8.908339 5.086462 7.884582 0.005613 0.007577 -0.005116 -0.002751 -0.009005 -0.011161 0.011486
0.000918 -0.001599 0.002619 11.489645 0.006794 -0.007493 5.040205 13.427919 4.102063 1.926736 0.068671 2.526026 0.252764 0.400067 0.400033 -0.000925 12.245718 10.632737 -0.004662 0.009126 0.001060 -0.007856 14.323331 14.246295 16.505503 20.767870 -0.000214 -0.002305 0.002176 0.000980 0.000580 -0.003357 -0.002026
-0.000613 -0.000793 0.007457 9.541605 0.013306 -0.026155 6.515870 10.928623 -0.461517 1.596159 0.107976 5.665376 0.282974 -0.154942 -0.153899 -0.004116 14.995079 11.949884 -0.000178 -0.002720 0.002284 -0.010657 20.124905 18.934765 24.840244 30.329273 -0.002421 -0.005145 0.000561 0.000962 0.002271 -0.002817 -0.005766
-0.000168 0.001137 0.009441 11.125586 0.014810 -0.026335 6.446340 6.011399 -1.208177 1.789124 0.114170 8.714334 0.257956 0.036266 0.036626 -0.005155 17.352486 12.455402 -0.003311 -0.008827 0.004072 -0.009794 22.253035 20.556120 28.623758 34.313423 -0.000509 -0.004427 0.000185 0.000535 0.005339 -0.005220 -0.006197
-0.000175 0.001977 0.008930 10.233371 0.007007 -0.016534 6.241572 4.444922 -0.261687 1.929522 0.070644 6.459272 0.172707 0.013463 0.014005 -0.003727 14.729565 10.619953 -0.001404 -0.012091 0.002607 -0.005261 16.752615 15.906509 20.988262 25.871819 0.001108 -0.004574 -0.000371 -0.000343 0.003639 -0.004487 -0.003846
0.000052 0.001380 0.007885 8.769794 0.000071 -0.004212 6.257494 4.038123 0.970664 1.309026 0.052040 3.318582 0.117220 -0.014082 -0.013283 -0.003949 11.818194 9.353623 0.000720 -0.007793 0.000884 -0.002857 11.577994 12.002634 13.195565 17.639706 0.000926 -0.004405 0.000286 -0.000190 0.001292 -0.003148 -0.001031
0.000790 0.001384 0.006148 6.153882 -0.004262 -0.002018 6.785207 4.275548 1.014572 0.837080 0.038353 0.092138 0.115370 -0.039516 -0.038659 -0.003156 9.850616 8.964653 0.002194 -0.004458 0.000316 -0.001986 9.971715 11.082894 6.476130 11.030591 0.000106 -0.004414 -0.000175 0.000355 -0.001238 -0.001742 0.000727
0.001251 0.001663 0.006210 6.787201 0.000773 -0.011248 6.887186 3.678574 0.078395 0.446016 0.066723 0.736437 0.179850 -0.023799 -0.023106 -0.004254 12.176915 10.456538 0.002130 -0.003696 0.000711 -0.004737 13.581863 14.067942 10.723186 16.211302 -0.000485 -0.005163 -0.000152 0.001361 -0.000163 -0.002965 -0.001672
0.001021 0.002661 0.007067 7.643882 0.005665 -0.016634 7.068223 3.106666 -0.952264 0.683484 0.073165 2.477499 0.224343 -0.011577 -0.011034 -0.004303 14.813943 12.230017 -0.001272 -0.001289 0.001245 -0.007040 16.667402 16.415646 16.508064 22.433466 -0.000144 -0.005095 -0.000631 0.001357 0.001868 -0.003859 -0.004207
0.000856 0.001360 0.008927 7.696825 0.007437 -0.010337 6.692701 4.713048 -0.449750 0.486291 0.219447 5.815182 0.202652 -0.010745 -0.010004 -0.006916 12.670399 10.607675 -0.001552 -0.003870 0.002703 -0.006971 16.266781 16.257706 20.958248 27.000900 -0.000870 -0.004115 -0.000170 0.000728 0.003259 -0.004877 -0.002950
-0.000497 -0.000292 0.010597 7.876751 0.008850 -0.009462 6.067065 6.479248 -0.228704 0.518393 0.028432 10.008269 -0.262813 -0.119503 -0.118294 -0.010123 10.088159 8.505774 0.002886 -0.001176 0.003765 -0.007208 16.151407 16.385139 24.479347 30.591225 -0.000925 -0.004918 0.001104 -0.000097 0.004446 -0.006781 -0.002081
-0.000096 0.000087 0.007385 8.424754 0.000146 0.014168 5.273282 7.336895 2.333937 0.217523 1.472647 7.805540 1.378336 0.330983 0.330984 -0.004862 7.563652 6.887241 -0.008211 -0.019563 0.002202 -0.000226 9.619443 10.697168 16.256783 20.449686 -0.001476 -0.000030 -0.000123 -0.000575 -0.000452 -0.004857 0.002071
0.001643 0.001806 0.002274 7.655613 -0.008056 0.044014 5.107318 7.634701 4.861104 0.305021 3.890580 3.281778 3.606401 0.751311 0.749328 0.004196 6.449485 6.306523 -0.025937 -0.040994 0.000778 0.006656 3.940472 5.287236 6.646632 8.421036 -0.002541 0.007451 -0.002470 0.000154 -0.006457 -0.000452 0.005419
0.002313 0.002860 -0.000962 7.165685 -0.015695 0.055827 5.565487 6.148682 5.914195 0.527815 4.350060 -0.843438 5.039010 1.251212 1.248460 0.009343 7.407023 7.479530 -0.031811 -0.043707 -0.001711 0.012505 -0.285286 1.325520 -1.670724 -1.349648 -0.001604 0.010757 -0.004506 -0.000121 -0.010003 0.002261 0.008488
0.001183 0.001995 0.000176 6.825381 -0.013911 0.029946 5.824973 6.180719 5.205739 0.689458 2.020981 0.013818 4.217255 1.448786 1.447288 0.006491 9.136116 8.665065 -0.023626 -0.022725 -0.002109 0.010894 1.598746 2.865217 0.260621 0.970434 0.001003 0.007539 -0.003913 -0.001221 -0.007928 -0.000167 0.008179
0.000189 0.001065 -0.000380 7.559901 -0.015035 0.013930 6.169824 6.007308 4.906336 0.769557 1.144257 -0.128500 3.604324 0.628052 0.627485 0.004467 10.785180 9.783053 -0.021016 -0.025116 -0.001853 0.009525 2.040357 3.121790 0.213741 0.912255 0.000701 0.005947 -0.002795 -0.001289 -0.006727 -0.000477 0.008427
0.000897 0.001422 0.000181 6.079864 -0.016231 0.028024 5.521185 5.839792 4.833473 0.852901 1.186790 -0.203398 5.543467 2.109572 2.107938 0.007807 8.939538 8.127319 -0.019466 -0.006648 -0.001966 0.009168 1.778509 2.747858 0.335907 0.951578 0.000483 0.006187 -0.002635 -0.000245 -0.006704 -0.000769 0.008806
0.001382 0.003035 0.001061 5.476252 -0.018579 0.063772 5.299085 5.987997 5.222988 0.626456 1.631941 -0.446139 7.741847 4.572069 4.569291 0.012065 6.929121 7.269892 -0.019051 0.006998 -0.004133 0.010691 1.284883 2.398589 0.276153 0.724730 0.001540 0.007483 -0.003054 0.000222 -0.007352 -0.000754 0.008624
0.002255 0.002670 0.001519 5.698221 -0.014787 0.060295 4.590947 7.243404 6.555367 0.319186 1.792558 0.617747 7.183969 4.462948 4.460240 0.011677 4.938412 5.490816 -0.016213 0.008535 -0.002996 0.011258 0.700511 1.844678 0.654321 1.483524 0.002803 0.007311 -0.004685 -0.000065 -0.008018 -0.001914 0.007680
0.022488 0.042781 0.003325 4.486337 -0.022794 -0.048113 6.243503 9.052378 10.128120 2.211478 1.548910 3.595726 4.336095 1.009411 1.018231 0.040379 3.159951 4.199711 -0.015745 -0.012526 -0.033932 0.027871 -1.840194 1.025303 3.110131 4.257203 0.059079 -0.002793 -0.009491 -0.031486 0.045162 -0.043008 -0.030740
-0.082008 -0.169710 -0.003540 12.500930 0.051679 0.409298 -5.429139 7.357308 0.542543 -6.025636 4.261215 11.228956 -2.222878 -0.507091 -0.545920 -0.140180 5.646234 2.721338 0.087488 0.060597 0.143669 -0.060345 10.921351 3.965314 4.295779 6.875398 -0.221833 0.040406 0.016977 0.112908 -0.210880 0.149680 0.154377
-0.116901 -0.238459 -0.006891 20.947462 0.070398 0.563875 -9.739987 7.904788 -1.237074 -8.472581 4.665932 9.783162 -3.487625 1.300694 1.245233 -0.196129 8.540950 5.438157 0.110189 0.076957 0.199430 -0.088744 14.644950 4.546245 1.235391 3.651690 -0.314525 0.057575 0.026284 0.161180 -0.297754 0.216448 0.217622
-0.083254 -0.169145 -0.004674 21.764977 0.050524 0.385808 -5.293356 12.399931 2.098800 -5.463321 3.197856 8.428739 -2.038025 1.673791 1.634825 -0.138446 8.031281 7.623050 0.068537 0.044332 0.140738 -0.066442 13.079565 6.798663 6.043116 8.825651 -0.223459 0.039606 0.020000 0.114900 -0.209979 0.153621 0.154307
0.020055 0.041292 0.003182 13.554884 -0.016791 -0.088372 5.613573 16.897751 11.679636 3.907924 -0.559398 3.405319 1.773498 0.979279 0.989350 0.036172 5.902155 8.283592 -0.016959 -0.010389 -0.034805 0.015622 4.431614 7.513893 10.407584 13.253708 0.057285 -0.009193 -0.003448 -0.029765 0.048799 -0.041193 -0.033896
-0.000187 -0.001601 0.002850 10.713757 -0.000166 0.001161 3.359808 14.568295 7.375574 2.838408 0.065137 4.136105 0.085929 -0.271551 -0.270739 -0.002744 7.112689 7.010787 0.005936 0.002868 0.000755 -0.004832 9.857763 10.612933 12.810741 17.098686 0.000444 -0.003347 0.002627 0.000657 -0.002536 -0.003038 0.000987
-0.000006 -0.001874 0.002819 10.185716 -0.001857 -0.001803 3.696018 13.318249 6.575346 2.491820 0.084138 2.876990 0.228408 0.006091 0.006694 -0.002866 8.164104 6.771426 0.003887 -0.002829 0.000266 -0.004201 10.149205 10.557985 12.169078 16.611845 0.000404 -0.002483 0.002393 0.000618 -0.003019 -0.002590 0.001058
-0.001212 -0.003803 0.002954 9.304550 0.001484 -0.005998 4.753390 13.876790 5.756532 1.767192 0.197214 4.042358 0.248124 0.028398 0.029390 -0.004741 7.677050 6.619739 0.002933 -0.002514 0.000978 -0.006262 10.460906 11.151968 14.870252 19.587921 -0.001590 -0.003581 0.003562 0.000928 -0.001935 -0.002406 0.000183
-0.000592 -0.002351 0.004635 7.773244 0.002312 -0.001051 5.326842 10.023662 3.372984 1.566175 0.201401 4.007887 0.243182 0.012067 0.012965 -0.005868 8.951314 7.106556 0.002637 0.001880 0.001680 -0.006114 13.269072 13.165279 15.748945 20.684271 -0.001349 -0.004382 0.002112 0.001084 -0.000191 -0.003152 -0.000815
0.000289 -0.001704 0.005641 6.762929 0.002555 -0.005740 5.259865 6.632227 1.735959 2.110916 0.048797 3.265596 0.238587 -0.001168 -0.000267 -0.006721 9.417510 7.181227 0.003526 0.001864 0.002061 -0.005482 14.190611 13.638489 14.959957 20.140978 -0.001283 -0.005246 0.000904 0.001295 0.000068 -0.003653 -0.000808
0.000745 -0.001815 0.006944 5.562811 0.005295 -0.005182 6.021180 6.908114 0.606719 1.959800 0.111042 6.609297 0.248602 0.003575 0.004528 -0.007415 9.125106 6.324819 0.001493 -0.001211 0.003977 -0.005563 15.843831 15.011003 18.823547 24.064560 -0.001419 -0.005187 -0.000324 0.000996 0.001457 -0.004529 -0.000925
0.000626 -0.003316 0.007060 5.830974 0.007299 -0.006818 6.302415 8.180101 0.675691 2.017290 0.115822 8.091333 0.242546 -0.000063 0.001022 -0.007779 8.928378 5.582497 0.000846 0.002636 0.004601 -0.005301 15.425863 14.695373 20.434612 25.838327 -0.001431 -0.005073 -0.000516 0.000910 0.000659 -0.004410 -0.000395
-0.000512 -0.001751 0.005931 7.736932 0.005765 -0.001544 5.986035 9.361157 1.732037 1.538664 0.107248 5.780114 0.228761 -0.014012 -0.013157 -0.006219 9.264210 6.234448 0.002635 0.013562 0.003435 -0.004624 15.168362 14.491396 16.941557 22.157404 -0.000326 -0.004809 0.000596 0.000793 -0.001227 -0.003567 -0.000519
-0.002032 -0.002191 0.004872 10.098639 0.006870 -0.006143 6.080446 10.975800 2.652464 1.884555 0.104770 4.361918 0.237658 -0.008332 -0.007534 -0.005749 10.143894 7.108423 0.004598 0.014943 0.002468 -0.005491 14.681237 13.894742 16.197786 21.442921 -0.001036 -0.005183 0.002219 0.000868 -0.001355 -0.002997 -0.001414
-0.002582 -0.002617 0.005913 11.118323 0.009002 -0.011408 6.410860 11.777776 1.942995 2.105705 0.124403 4.530039 0.262581 0.015267 0.016059 -0.006195 10.583643 7.766612 0.004809 0.009056 0.002723 -0.006622 15.136221 14.346905 18.065977 23.600561 -0.003038 -0.005227 0.002363 0.000725 -0.000120 -0.002798 -0.002311
-0.002868 -0.002907 0.005385 12.029707 0.006796 -0.005516 6.475786 11.731229 2.645319 1.989912 0.111052 4.036540 0.273384 0.024942 0.025871 -0.006609 9.513078 7.117641 0.005000 0.002329 0.002895 -0.006780 14.184750 13.341930 16.012075 21.344654 -0.004542 -0.005154 0.003151 0.001015 -0.000857 -0.002093 -0.001417
-0.003533 -0.002305 0.003184 13.733418 0.007516 0.003196 5.780564 13.393248 3.246379 2.021159 0.060661 2.269320 0.222639 -0.410258 -0.409279 -0.005233 9.860319 7.875661 0.004633 0.002059 0.001866 -0.008625 14.299563 13.058023 14.883653 20.158770 -0.005305 -0.005495 0.004599 0.001550 -0.001179 -0.001115 -0.002852
-0.001192 -0.000476 0.000912 17.397211 0.003927 0.017628 4.090523 13.534534 5.660350 2.481612 0.042462 2.230812 0.335187 1.680121 1.680672 0.000029 10.666464 7.829756 0.000815 0.013588 0.000326 -0.005406 12.123703 10.947389 12.026711 15.631641 -0.001589 -0.003205 0.003597 0.000628 -0.002530 -0.000435 -0.001222
0.000099 0.000016 0.000532 17.895351 -0.001861 0.010085 2.899674 13.168329 7.536571 2.063628 0.022410 1.757250 0.350333 2.440796 2.441218 0.003107 9.768829 7.212396 0.000470 0.021832 -0.000736 -0.001147 8.703768 8.524674 7.923918 10.448469 0.001098 -0.001261 0.002493 -0.000140 -0.004613 0.000348 0.002198
0.001802 0.001512 -0.000883 16.576511 -0.011166 0.031557 2.338921 12.490694 10.118141 1.154649 0.040735 -0.505315 0.353218 2.292912 2.292102 0.005730 8.427517 6.875670 -0.004927 0.021641 -0.001154 0.004261 4.932711 5.822604 0.019485 1.867065 0.004898 0.002261 0.001843 -0.001472 -0.007277 -0.001281 0.008066
0.001780 0.001693 -0.000966 14.516291 -0.011589 0.053511 2.401994 11.833378 9.071956 0.981456 0.218467 -0.113294 0.377944 1.714066 1.712631 0.005617 9.840629 8.479744 -0.012060 0.012633 -0.001412 0.005165 4.976782 5.700747 1.580780 3.944863 0.005243 0.005398 0.001427 -0.002242 -0.007055 -0.002880 0.009199
0.001045 0.004225 0.000304 11.436140 -0.014465 0.048485 2.253021 7.708993 6.426489 1.428350 0.327170 -0.217581 1.132223 2.128414 2.126666 0.008462 10.934812 10.069013 -0.012749 -0.009545 -0.002431 0.005321 3.564758 4.648464 0.008827 1.371653 0.005358 0.002984 0.000484 -0.002916 -0.004616 -0.002098 0.008353
-0.000796 0.004735 0.003821 7.089473 -0.010316 0.003185 3.173969 2.931452 2.277590 2.116877 0.228389 0.054403 1.170354 0.924354 0.923956 0.004455 11.474753 10.820567 -0.001906 -0.020591 -0.001977 0.001220 6.759753 7.249939 2.679064 4.691375 0.002880 -0.004002 0.000014 -0.001488 -0.000402 -0.001841 0.002017
-0.000094 0.004062 0.005239 4.264757 -0.004370 -0.019997 4.831915 1.015835 -0.500687 2.399049 0.067383 0.030199 0.690094 -0.294415 -0.294375 0.000050 12.724952 11.494692 0.003495 -0.018883 -0.000465 -0.003508 12.482568 12.369230 6.416129 10.217539 0.001206 -0.007213 -0.000217 0.000380 0.001956 -0.002976 -0.002436
0.001115 0.001465 0.004607 6.946306 0.002574 -0.014974 6.077003 3.531235 -0.218271 2.060421 0.057571 0.772419 0.087250 -0.008326 -0.007909 -0.003205 13.917075 11.249815 0.002605 0.002009 0.000262 -0.005729 15.659750 14.986320 11.657188 16.970346 -0.000262 -0.004979 -0.000047 0.001518 -0.000031 -0.002790 -0.004138
0.000988 -0.000424 0.004623 8.859765 0.006271 -0.017005 6.617071 6.411671 0.228543 1.665917 0.112570 2.118717 0.261556 0.008975 0.009346 -0.003693 13.509599 10.616933 0.001801 0.001307 0.000626 -0.007397 15.143588 14.647592 15.782184 21.340706 -0.001794 -0.004787 0.000531 0.001411 -0.000212 -0.001870 -0.003595
0.000498 -0.000657 0.004734 10.131208 0.004445 -0.016420 6.077577 6.420502 0.904869 2.124973 0.083512 2.201116 0.223060 -0.063501 -0.062777 -0.003202 13.283579 9.974973 0.001162 0.001186 0.000346 -0.005159 11.869078 11.603453 13.660769 18.624699 -0.000931 -0.004405 0.000233 0.000679 -0.000474 -0.001404 -0.002133
-0.000620 0.000300 0.002733 11.074303 -0.002790 -0.032983 5.444037 6.159580 1.624295 1.603297 0.048653 0.818544 0.111240 0.333286 0.334186 -0.000671 14.181135 10.885769 0.001074 0.004233 -0.000996 -0.002075 9.149738 9.750646 6.576623 10.585313 -0.000100 -0.002605 0.001313 0.000605 -0.003115 0.000939 0.000829
-0.000851 0.001094 0.001054 12.769917 -0.008576 0.036454 3.708019 7.330757 3.972171 2.071844 0.004535 -0.225193 0.074799 0.454572 0.455338 0.002198 13.959820 11.000271 0.001931 0.010114 -0.002453 0.000547 7.014054 8.058526 1.636825 4.718824 0.001343 -0.000780 0.001795 0.000482 -0.005502 0.001740 0.003728
-0.000409 0.000463 0.001052 14.757844 -0.004578 0.064748 2.612653 10.431526 4.747276 2.931751 -0.107512 -0.075044 0.180821 0.325796 0.326275 0.001449 13.912452 11.052772 0.005536 0.010894 -0.003200 -0.002581 9.779771 9.923542 6.318173 9.935268 0.000257 -0.001648 0.002778 0.001311 -0.005875 0.000583 0.001819
-0.000443 0.000457 0.002393 13.930677 -0.004449 0.058531 2.993034 10.047744 4.869781 2.644654 0.453270 0.567801 0.166404 -0.088590 -0.088071 -0.000722 11.163404 9.041982 0.004761 0.000215 -0.001976 -0.002635 9.018847 9.455845 7.962532 12.177293 -0.000636 -0.001000 0.002934 0.001540 -0.005359 -0.000342 0.001955
-0.001313 0.001829 0.005135 15.896615 0.002367 -0.013865 4.935328 8.465097 2.254528 1.023636 0.788418 2.235348 0.127478 -0.011623 -0.011070 -0.003345 12.970641 11.022426 0.001092 -0.009137 -0.000499 -0.005153 10.924097 11.551213 13.986702 19.183224 -0.001825 -0.002113 0.003253 0.001009 -0.001437 -0.001201 -0.001898
-0.001657 0.001530 0.008394 16.710611 0.010509 -0.019747 6.108726 9.108303 0.803731 0.569522 0.688942 5.828516 0.142321 -0.298815 -0.298114 -0.005009 14.348117 11.904048 -0.002150 -0.008062 0.001291 -0.007160 14.670057 14.942083 22.670551 28.439831 -0.002101 -0.002405 0.002484 0.000804 0.001593 -0.003440 -0.004367
-0.001031 0.001248 0.007499 13.939907 0.009176 -0.026221 5.975812 9.345696 -0.055207 1.509124 0.071785 5.223063 0.058963 1.017452 1.018348 -0.002718 15.671185 12.434927 -0.000452 0.005198 0.000116 -0.006598 16.512106 16.024218 20.628885 25.470520 -0.000481 -0.003531 0.001473 0.000463 -0.000392 -0.002332 -0.003048
-0.000369 0.001142 0.003495 8.517974 -0.004482 0.004359 5.370152 8.038513 2.357376 1.375685 0.026266 2.229544 0.824723 2.105074 2.105963 0.001540 12.039277 9.758806 -0.000785 0.010456 -0.000541 0.001086 10.141549 10.778625 7.376917 10.161996 0.001504 0.000135 0.000170 -0.000556 -0.006000 0.000946 0.004108
-0.001153 0.003599 0.002007 6.169108 -0.014986 0.020121 4.507162 4.622115 2.938240 1.357714 0.041863 -0.680496 1.641220 2.000589 2.000932 0.005143 10.549134 9.848569 -0.001048 -0.008480 -0.002202 0.004823 4.291534 5.780619 -1.917895 -0.745421 0.003507 -0.000038 -0.000943 -0.002850 -0.005375 0.000883 0.006137
-0.002201 0.004163 0.003835 5.286596 -0.014895 0.026237 4.098010 2.638396 1.939617 1.630804 -0.122651 -0.087207 2.264285 1.069240 1.069311 0.005628 9.510036 10.227435 -0.003369 -0.030161 -0.002356 0.003985 3.590343 5.039517 0.177379 1.143148 0.003328 -0.001737 -0.001954 -0.003967 -0.001453 -0.001502 0.004831
-0.002172 0.003835 0.003848 3.732471 -0.016308 0.026042 4.347496 1.853485 1.397028 1.614247 0.644499 -0.640153 3.252384 0.789495 0.789036 0.006583 7.952072 9.519406 -0.005993 -0.032671 -0.002500 0.004915 3.000370 4.198594 -0.001565 0.777176 0.002381 -0.000714 -0.002643 -0.003284 -0.001521 -0.000845 0.005219
-0.000671 0.002072 0.002527 4.159709 -0.015171 0.029900 4.229550 4.401079 3.627884 0.998917 2.018361 2.403877 4.596573 0.413722 0.412453 0.007005 5.932769 6.670366 -0.002287 -0.024143 -0.000512 0.008636 1.396160 2.488276 1.478532 2.393873 0.001218 0.005061 -0.002929 -0.002073 -0.004256 -0.001584 0.006011
0.000699 0.001150 0.002552 3.952197 -0.012779 0.015980 3.771642 5.943204 5.386154 0.615149 2.667805 7.600040 5.197243 -0.277866 -0.279410 0.005782 4.332963 3.380894 0.008645 -0.023739 0.001212 0.010888 0.233092 1.041535 4.140332 5.464585 0.001982 0.007799 -0.003513 -0.002469 -0.003852 -0.006138 0.005048
0.001147 0.000284 0.002320 7.191586 -0.010798 -0.031184 3.412454 7.471060 6.685962 0.733421 1.524434 7.383118 4.221375 0.378652 0.377416 0.005599 4.925440 4.788304 0.009510 -0.015062 0.001179 0.011068 0.201078 1.132400 3.466763 4.747180 0.002805 0.007258 -0.003748 -0.003242 -0.003923 -0.005976 0.006547
0.000622 -0.000696 0.002450 12.361585 -0.009357 0.191711 3.091668 9.629246 7.340178 1.670360 0.345514 2.564206 2.390462 0.502051 0.501334 0.003634 6.314444 7.768010 0.002400 -0.006461 0.000161 0.006946 2.193785 3.277914 3.301800 5.110964 0.001423 0.004312 -0.001997 -0.002232 -0.004949 -0.002277 0.007322
-0.000229 -0.000368 0.003129 18.495249 -0.006698 0.288372 2.741971 13.554815 7.737706 2.931190 -0.067572 -0.474999 0.583960 0.219627 0.219305 0.001675 9.049648 10.829309 0.000151 -0.000089 -0.001060 0.000167 6.196027 7.158221 5.828133 8.771098 -0.000923 0.001075 0.001758 -0.000788 -0.005036 0.000368 0.005126
-0.000143 0.000778 0.002867 17.180489 -0.004254 0.207458 3.350524 13.998481 5.601664 2.766390 0.026533 0.279363 -0.051512 1.048577 1.048738 0.000680 11.399320 10.754025 0.005309 0.010416 -0.001532 -0.003435 10.274652 10.745683 7.419615 11.376167 -0.001204 -0.001273 0.003997 0.000487 -0.005232 0.000478 0.002278
0.000027 0.002790 0.000948 14.925888 -0.005257 -0.034762 4.698367 13.529167 4.578211 1.076723 0.186546 0.017774 0.172288 3.312630 3.312650 0.002817 12.671399 10.756862 0.005270 0.025600 -0.001491 -0.002262 11.470226 11.978518 4.421418 8.229701 -0.000313 -0.000152 0.004872 0.000786 -0.007060 0.001890 0.002613
0.000281 0.003175 0.000625 13.399463 -0.007654 -0.011441 4.791234 12.288039 4.292371 0.084199 0.226462 -0.017450 0.130012 4.460215 4.460030 0.003472 11.845344 9.897781 0.004678 0.025165 -0.000912 -0.000037 10.485039 11.398805 2.205093 5.584818 0.000648 0.000880 0.004226 0.000265 -0.008625 0.002493 0.004821
0.000397 0.002538 0.001337 11.836227 -0.007869 -0.007005 4.573017 10.065435 3.504878 0.905796 0.052589 -0.038624 0.025494 3.224839 3.224860 0.003543 11.853698 10.407388 0.004951 0.014177 -0.000406 0.000407 9.783752 10.616742 1.707142 4.672023 0.001832 -0.000566 0.002378 -0.000715 -0.007595 0.002497 0.005733
-0.000055 0.002444 0.000303 8.285697 -0.009549 0.001948 4.940387 6.551117 2.007600 1.603392 -0.060102 -0.039347 0.586333 4.649944 4.649754 0.004932 11.545463 10.183208 0.000884 0.008901 -0.000470 0.002936 9.131037 9.774368 0.696012 2.665910 0.004834 0.000363 0.000286 -0.001449 -0.008268 0.001586 0.007872
-0.000197 0.003866 0.000072 5.713154 -0.011723 -0.000482 4.520348 3.624916 1.402735 2.001204 0.029435 -0.100566 1.738587 4.824613 4.823981 0.007665 11.578035 10.701707 -0.002624 -0.003169 -0.000887 0.003941 7.789349 8.507417 0.019678 1.097210 0.005214 -0.000952 -0.000696 -0.001414 -0.005756 0.000819 0.008042
-0.000669 0.004790 0.001597 5.147581 -0.013609 -0.000379 3.921821 2.668996 1.273931 1.911771 0.114159 -0.159040 2.178272 4.344633 4.344038 0.007897 11.367738 11.313765 -0.000752 -0.011518 -0.001560 0.003551 6.873821 7.866858 0.003910 0.709441 0.003761 -0.002312 -0.000714 -0.002030 -0.003677 0.001283 0.007698
-0.001666 0.004328 0.002540 4.447001 -0.013224 0.002687 4.206912 2.663357 1.057194 2.485864 0.066285 -0.153847 2.088588 3.824403 3.823850 0.007579 10.745676 11.336426 -0.002377 -0.011801 -0.001643 0.004431 6.958082 7.861918 0.044560 0.791805 0.005263 -0.002233 -0.001634 -0.003134 -0.004858 0.000859 0.007954
-0.002594 0.004492 0.000771 5.286029 -0.013529 0.024571 5.219224 4.677855 2.127187 2.403612 0.004618 -0.059190 1.887364 6.875627 6.874722 0.007775 9.562369 10.236699 -0.007383 -0.001123 -0.001839 0.007421 7.226873 8.110035 -0.002883 0.503927 0.009258 0.002344 -0.001401 -0.004418 -0.009062 -0.000898 0.009858
-0.001883 0.004609 0.000708 5.980164 -0.012292 0.021209 5.566638 5.214975 2.223282 1.998643 -0.009145 -0.027433 1.434292 7.356261 7.355674 0.006799 9.999318 10.149472 -0.006810 0.000464 -0.001120 0.007420 7.735634 8.561136 0.030686 0.842355 0.009294 0.001994 -0.000752 -0.004165 -0.008643 -0.001565 0.009784
-0.000343 0.004040 0.001818 7.544525 -0.010243 0.001533 5.219588 5.194037 1.583529 1.378052 0.006531 -0.028532 0.436167 6.518825 6.519255 0.003757 11.385296 10.570900 0.000176 0.000605 -0.000320 0.004380 9.013327 9.592059 0.077451 1.556365 0.005997 -0.000783 0.000220 -0.003652 -0.005660 -0.000296 0.008681
0.000447 0.002937 0.002490 7.911193 -0.008749 -0.006542 4.658184 4.354929 0.757812 1.839532 -0.005266 -0.683402 -0.009749 3.784985 3.785843 0.002748 12.131653 10.860019 0.002611 0.005017 -0.000084 0.002223 10.041483 10.285283 -0.994585 1.264426 0.004435 -0.003313 0.000062 -0.002339 -0.004756 0.001130 0.006774
0.015346 -0.000597 -0.002206 6.809579 0.000806 -0.037867 3.373795 4.300055 -0.235661 1.417739 -0.097761 1.993518 0.038050 1.525019 1.523775 0.008900 9.409202 5.769615 -0.002966 0.058132 0.004101 0.009682 12.945896 12.434875 6.148462 9.431280 -0.004258 0.006102 -0.016815 -0.001079 -0.012093 0.002092 0.014393
-0.059305 0.007916 0.030515 18.254429 0.001656 0.099160 10.676077 8.112999 0.461350 4.742661 0.704755 5.364182 0.561676 -0.683113 -0.675444 -0.041924 25.304724 29.967150 0.015501 -0.180415 -0.009267 -0.054673 19.570658 18.586714 26.363739 32.338226 0.023828 -0.045832 0.061341 0.002515 0.045168 -0.011900 -0.050103
-0.091116 0.007728 0.045241 23.533398 0.005988 0.164805 11.342050 9.568454 1.699756 6.269372 0.896698 8.157827 0.763509 -0.602321 -0.591208 -0.065171 32.077206 37.795860 0.024890 -0.277519 -0.013520 -0.082501 23.663473 21.881714 37.594631 44.103218 0.034993 -0.070066 0.096506 0.003609 0.070329 -0.020298 -0.079034
-0.068625 0.003789 0.036760 21.893995 0.007653 0.127709 8.260550 8.547306 1.934790 4.975246 0.510157 8.352889 0.544098 -0.426735 -0.418309 -0.050236 27.924196 29.645050 0.020611 -0.205709 -0.009671 -0.061337 21.071800 19.425600 32.618275 38.603592 0.027227 -0.055193 0.073728 0.001641 0.052972 -0.018791 -0.060670
0.008462 -0.003926 0.005987 13.656107 0.014592 -0.033435 2.966228 6.136112 0.481470 0.482589 0.308363 10.100478 -0.203412 -0.179043 -0.179584 -0.001665 11.449239 4.504025 -0.000990 0.029958 0.005353 0.003207 15.791910 14.661034 23.345526 28.892225 -0.004225 0.000375 -0.008135 -0.002006 -0.002885 -0.007737 0.003050
0.000585 0.001548 0.005633 16.986576 0.002476 -0.008062 5.616064 9.963658 4.194098 -0.052338 1.417302 6.995179 0.513719 0.470657 0.470906 -0.002600 9.781113 7.686682 -0.006853 -0.023604 0.001688 0.000508 9.621458 10.337979 15.464905 20.301691 0.000883 0.000978 -0.000673 -0.001143 -0.001474 -0.005724 0.001888
0.000440 0.007727 0.001341 10.948021 -0.007925 0.029540 4.600717 8.932035 5.868585 1.387647 1.737182 2.456335 3.439286 3.144114 3.141892 0.009257 8.352376 7.308513 -0.011179 0.003351 -0.002598 0.007403 4.648026 5.368824 5.114987 7.268591 0.005645 0.009313 -0.000668 -0.004629 -0.007242 -0.001115 0.003982
0.001155 0.008749 -0.000309 7.147451 -0.014690 0.045901 4.103657 7.447167 6.187113 1.618686 2.126909 -0.656350 5.421955 4.194635 4.191411 0.014142 7.596294 7.698865 -0.019466 -0.001484 -0.004622 0.012167 0.919732 1.986389 -1.219593 -0.983951 0.006006 0.012299 -0.003499 -0.005323 -0.009816 0.001056 0.006390
0.000932 0.012404 -0.001803 4.326818 -0.017104 0.078171 4.052286 5.459917 4.152935 2.058342 2.187753 0.126820 8.149915 6.278552 6.273719 0.022285 8.794639 8.267164 -0.024219 0.044481 -0.005140 0.014968 1.604871 2.257529 0.436039 0.979203 0.006360 0.018729 -0.000640 -0.007368 -0.012860 0.003619 0.006159
0.001912 0.009016 -0.002542 6.399310 -0.017776 0.080229 4.326504 6.664186 5.191497 1.230144 3.624611 0.191905 8.062006 4.819974 4.815723 0.018989 7.065030 7.613798 -0.026338 0.028306 -0.001680 0.012753 1.159092 2.583852 0.323199 1.144592 0.002580 0.017708 -0.000392 -0.002915 -0.012645 0.004918 0.007634
0.002191 0.006858 -0.000023 7.631010 -0.014535 0.050056 4.326928 5.240308 3.856039 1.175400 3.553202 -0.284930 6.327441 2.698516 2.695478 0.013323 6.798947 7.216917 -0.017299 0.019377 -0.000011 0.011364 1.319367 3.028011 -0.542126 1.202706 0.000769 0.014092 -0.000743 -0.002116 -0.011156 0.004286 0.007287
0.001266 0.000784 0.007663 12.817377 -0.008468 -0.000703 4.915295 4.076436 2.642163 -0.108463 2.471338 1.491671 1.841288 -0.756414 -0.756629 -0.004844 7.192262 8.195381 -0.008422 -0.020426 0.003219 0.004751 4.230409 6.483494 5.285048 9.026690 -0.003550 0.001724 -0.001088 0.000985 -0.001638 -0.003062 0.005119
0.010388 0.000724 0.007359 14.096797 0.002647 -0.032365 2.854425 2.210722 1.028458 -0.362000 0.186914 6.400815 0.276444 0.054473 0.052831 -0.001289 9.794931 7.340355 -0.005283 0.056006 0.006675 0.009184 11.368670 12.448144 18.218773 23.373503 -0.006106 0.005833 -0.010395 -0.000555 -0.004330 -0.007649 0.009096
-0.061332 0.010602 0.034863 24.274511 0.002142 0.138618 6.504577 6.135563 1.171695 3.375073 0.414530 15.935540 0.418691 -0.370312 -0.365490 -0.047569 25.273714 28.117100 0.011608 -0.179773 -0.009884 -0.053014 20.238216 19.211788 37.824692 44.721409 0.025624 -0.042282 0.067462 -0.001286 0.048786 -0.023103 -0.051845
-0.083866 0.012799 0.041806 26.648233 0.006752 0.184164 8.305319 8.315563 0.525384 5.355468 0.259144 18.569647 0.511218 -0.512750 -0.505197 -0.059531 31.450817 34.517666 0.015547 -0.264818 -0.015743 -0.074911 24.592590 22.014771 43.850101 51.060040 0.036330 -0.058009 0.091081 -0.001538 0.064477 -0.024368 -0.072183
-0.055473 0.009033 0.029142 19.734190 0.000636 0.126817 8.709664 7.328478 0.856016 4.007404 1.921754 11.855519 1.877015 -0.462985 -0.457763 -0.039344 23.319992 25.397396 0.006655 -0.204851 -0.009598 -0.049670 16.664045 15.695366 28.556267 34.601925 0.022983 -0.037615 0.060743 -0.000155 0.041882 -0.013531 -0.047454
0.015898 0.000171 -0.001079 8.154278 -0.001512 -0.034815 5.141088 5.349146 2.978697 0.131963 3.268402 2.253407 1.993248 0.123605 0.122025 0.008892 7.042583 4.899485 -0.011468 0.012274 0.006663 0.012756 6.096704 7.801105 6.978287 10.335770 -0.007224 0.012219 -0.017192 0.001300 -0.012728 0.003498 0.013999
0.001917 0.003969 0.000447 6.762390 -0.013891 0.028240 5.282831 6.434151 4.860738 0.459372 3.554285 -0.553378 4.624527 1.461201 1.459396 0.007111 5.872510 6.904944 -0.013174 -0.028786 -0.000220 0.008498 0.607082 2.928177 -1.353873 0.432571 -0.000231 0.007909 -0.002840 -0.000706 -0.008348 0.002558 0.007514
0.000604 0.003922 0.000193 5.355238 -0.014037 0.038509 5.143022 5.970035 4.174822 0.761616 3.092503 0.161029 5.653405 1.750770 1.748245 0.009022 6.315059 6.740167 -0.017500 -0.013908 -0.001680 0.008802 1.681419 2.939213 0.685963 1.631397 -0.000012 0.008709 -0.002218 -0.000557 -0.007896 0.001704 0.007037
0.001783 0.002682 0.000584 3.111955 -0.015155 0.041928 6.073476 3.924706 2.960227 0.700307 3.925176 0.045675 6.335692 1.018770 1.016140 0.008433 6.288096 6.200741 -0.019765 -0.019935 -0.000362 0.010762 0.747381 1.794592 0.331923 0.731711 -0.001634 0.009019 -0.003799 0.001384 -0.008381 0.002329 0.007377
0.001767 0.000432 0.000963 5.993361 -0.014189 0.021708 6.366078 5.325078 4.526873 0.353972 4.057166 0.609712 4.700608 -0.168232 -0.169568 0.004820 5.783984 6.461319 -0.013100 -0.028977 0.001962 0.010285 0.391144 1.694243 -0.213896 0.579479 -0.002205 0.007798 -0.004007 0.001501 -0.006627 0.001565 0.008000
-0.000013 0.001097 0.004837 10.688454 -0.009481 0.007016 4.189541 4.979729 4.201796 0.846605 1.889064 4.099319 3.004380 0.071284 0.070561 -0.000197 6.624149 7.828756 -0.005887 -0.010141 0.002410 0.006585 1.894546 3.148948 5.180377 7.299342 -0.001236 0.005143 -0.000979 -0.000639 -0.002998 -0.002925 0.005753
-0.001314 0.000055 0.008097 12.798370 -0.003303 -0.006239 3.483637 5.680503 3.640089 1.852699 0.470851 7.172042 1.047676 -0.041063 -0.040740 -0.006409 6.915251 7.947299 -0.000962 -0.001607 0.003494 0.000381 5.215095 6.277700 12.080737 16.187489 -0.002090 0.001008 0.002023 -0.000743 0.000277 -0.005967 0.003060
-0.001098 -0.001317 0.010094 10.720117 0.006028 -0.009380 4.548375 6.816034 1.590678 2.620409 -0.102386 10.601577 -0.169644 0.013791 0.014642 -0.009518 9.571421 8.127236 -0.001331 0.005342 0.004246 -0.004487 12.109266 11.972220 21.746756 27.005970 -0.001802 -0.002403 0.001608 0.000688 0.002897 -0.006546 -0.000673
-0.000263 -0.003551 0.008625 8.717552 0.010570 -0.015330 6.496627 8.606691 0.886114 2.506320 0.109202 10.028007 0.183403 0.009734 0.010689 -0.007902 10.296113 6.472989 -0.000436 0.002544 0.004586 -0.005713 15.765147 14.556271 23.871340 29.566525 -0.002343 -0.003783 -0.000795 0.001330 0.002871 -0.004531 -0.001743
0.000310 -0.002512 0.006242 9.177669 0.006440 -0.016631 6.012627 9.758764 1.315850 2.476848 0.064642 6.468425 0.171861 0.005031 0.005707 -0.004816 11.860831 7.837114 0.002334 0.010590 0.002416 -0.005322 15.585809 14.615323 18.444431 23.681446 -0.001354 -0.003820 0.000332 0.002171 -0.000910 -0.002227 -0.001569
-0.000215 -0.001877 0.002154 9.234772 -0.003931 0.001060 4.783932 10.129783 4.661932 2.573581 -0.045894 0.715481 0.296258 0.047133 0.047555 0.000116 9.995760 7.619992 0.003531 0.008368 0.000171 -0.000257 9.094439 9.321567 6.265798 9.908628 0.000527 -0.001655 0.000829 0.001306 -0.006125 -0.000459 0.002735
-0.000637 -0.000834 0.000277 9.664568 -0.009866 0.016973 3.257254 10.868369 8.122126 2.030442 0.255810 0.453054 0.281676 0.055450 0.055831 0.003246 7.759795 6.945987 0.001146 0.000781 -0.000592 0.004626 4.216832 5.157653 1.769395 3.929983 0.003744 0.001720 0.000231 -0.000703 -0.007220 -0.001879 0.005901
-0.001032 -0.000715 0.001129 8.209979 -0.010150 0.032662 3.309719 8.074653 7.564100 1.280969 0.381816 1.774474 1.241475 -0.048093 -0.047711 0.002380 5.434961 4.985946 -0.001605 -0.011738 0.000555 0.006350 1.325793 2.460432 2.092285 3.835694 0.003818 0.002427 -0.001368 -0.001888 -0.004822 -0.003502 0.005826
-0.000667 0.000251 0.001949 6.109281 -0.010638 0.027145 4.325490 5.164313 3.987922 1.323936 0.144102 1.417797 1.711618 0.185278 0.185868 0.002267 7.544324 7.207200 -0.001377 -0.009421 -0.000312 0.004969 3.060080 4.257371 1.649322 3.448376 0.001787 0.000892 -0.001366 -0.000842 -0.004081 -0.000967 0.005251
0.000162 0.000235 0.000911 7.813990 -0.010901 0.025558 4.450834 8.003156 5.634428 1.343046 0.134947 -0.243558 1.387897 0.298335 0.298642 0.003265 8.409294 8.776909 -0.001258 -0.003481 -0.000667 0.002984 3.772697 5.384019 0.730827 2.861346 0.000482 0.000335 -0.000718 0.000152 -0.004788 0.000822 0.005804
-0.000110 -0.002241 0.000815 11.394112 -0.004291 0.014122 4.962480 15.845516 8.894597 0.764706 0.961273 1.912225 0.336782 -0.035363 -0.035009 0.000093 7.513952 8.176359 -0.000762 -0.003539 0.000667 -0.003043 6.892279 8.719669 8.206671 11.827292 -0.001338 -0.001774 0.002098 0.000898 -0.003446 -0.000419 0.004031
-0.000049 -0.002120 0.001294 13.614822 -0.003631 0.019083 5.422983 18.659229 10.724854 0.307557 1.373090 2.765479 0.242596 1.084552 1.084753 -0.000409 6.778395 7.370704 -0.002421 -0.011219 0.001750 -0.003227 7.025147 8.917437 9.731015 13.461468 -0.001001 -0.001361 0.002717 0.000040 -0.004074 -0.001379 0.004538
-0.000728 -0.000933 0.001927 12.339383 -0.007762 0.021321 6.324857 14.489605 8.265097 0.309404 0.987985 1.516308 0.244671 1.603662 1.604119 0.000800 7.891560 8.754704 -0.002282 -0.013314 0.001132 0.000248 6.365547 8.473926 5.443860 8.395347 -0.000652 0.000167 0.002468 0.000125 -0.006428 0.001234 0.006772
-0.000807 -0.000488 0.002550 11.223231 -0.008366 0.015308 6.790234 12.108504 6.759823 0.260692 0.577978 0.566432 0.171291 1.126182 1.126841 0.000334 8.243491 8.979501 -0.000835 -0.014616 0.000816 0.000818 6.795719 8.823229 4.105119 7.331666 -0.000601 0.000035 0.002534 0.000766 -0.006805 0.001795 0.006314
-0.000860 -0.002321 0.004894 8.516162 -0.000909 -0.001681 7.278432 9.949286 3.006791 0.325041 0.419357 2.963933 0.139318 -0.265689 -0.264979 -0.004339 8.267723 7.669805 0.000843 -0.015268 0.002295 -0.003703 11.227777 12.526908 11.922352 16.679123 -0.002535 -0.002759 0.002686 0.001680 -0.002518 -0.000466 0.001603
0.001000 -0.001723 0.006690 7.677620 0.002941 -0.010573 7.224946 7.362779 0.609056 0.812611 0.258969 3.716036 0.181159 0.013865 0.014147 -0.006174 9.177178 7.538950 0.000800 -0.013508 0.003752 -0.004711 14.289568 14.898489 15.629409 20.927925 -0.002540 -0.003635 0.000757 0.001179 0.000530 -0.002963 -0.000745
0.001274 -0.000770 0.006470 8.127992 0.004910 -0.010737 7.488230 8.273519 -0.132114 1.130798 0.130048 1.671314 0.233982 0.001507 0.001862 -0.004935 11.577112 9.473958 0.002062 -0.007356 0.003053 -0.005509 15.934580 16.222208 15.060888 20.330555 -0.002828 -0.003661 -0.000123 0.001413 0.000334 -0.002753 -0.002230
0.000752 -0.001107 0.006505 8.254596 0.007667 -0.010744 7.299493 8.751294 -0.027920 1.774670 0.160175 2.675962 0.297166 0.008573 0.009090 -0.005795 12.432582 9.591546 0.003305 -0.003400 0.002894 -0.006604 16.761072 16.382578 17.172569 22.488445 -0.003093 -0.005012 -0.000157 0.001494 0.001410 -0.003728 -0.003276
-0.000608 -0.000424 0.007645 10.765809 0.011154 -0.014483 6.756175 8.097475 -0.138676 2.051985 0.173981 5.809663 0.292952 0.020585 0.021265 -0.005958 14.822495 10.803889 0.002745 -0.002170 0.002407 -0.008094 18.543297 17.329365 22.794355 28.130783 -0.001848 -0.005353 0.001081 0.001335 0.003446 -0.004674 -0.005020
-0.001744 0.000711 0.009720 13.811345 0.014978 -0.017726 6.303194 7.325963 -0.378843 2.635109 0.148861 9.781921 0.269089 0.041869 0.042540 -0.006009 16.686035 11.813796 0.001722 -0.000099 0.002125 -0.009593 20.245609 18.137552 29.408621 34.491135 -0.000439 -0.005621 0.002735 0.001096 0.006754 -0.006024 -0.007109
-0.003428 0.001856 0.011447 17.062813 0.018705 -0.018457 6.539444 10.199676 -0.545583 2.748002 0.129446 11.554379 0.262405 0.054146 0.054933 -0.004636 19.200735 14.069060 -0.000060 0.000676 0.001306 -0.011988 22.193546 19.591547 34.276413 39.132969 -0.000190 -0.005579 0.004961 0.000651 0.008510 -0.005854 -0.009909
-0.003839 0.001930 0.012219 18.049751 0.019631 -0.017456 6.922723 11.435308 -0.627744 2.737345 0.143096 12.484477 0.238409 0.046157 0.046972 -0.004722 18.920959 14.931222 -0.002062 -0.001231 0.002027 -0.011842 21.691051 19.437107 35.772011 40.543095 -0.000948 -0.005090 0.005159 -0.000209 0.009293 -0.005610 -0.010488
-0.002953 0.000686 0.009622 18.067444 0.016589 -0.015526 6.841651 12.390924 -0.218491 2.432240 0.150217 7.949187 0.249467 -0.002746 -0.002000 -0.003662 17.549883 14.415262 -0.001663 -0.000738 0.001539 -0.011038 20.123003 18.361097 29.892071 34.931671 -0.003171 -0.004857 0.004327 0.000562 0.005573 -0.003013 -0.009260
-0.001368 -0.000172 0.003884 17.098867 0.008611 -0.005993 5.238127 14.033469 1.866546 2.569179 0.079699 2.442102 0.290759 0.106508 0.107117 -0.000790 15.035827 11.668235 0.001470 0.005670 -0.000996 -0.009356 17.239920 15.614333 18.480381 23.454998 -0.003527 -0.005147 0.004265 0.002130 -0.001360 -0.000716 -0.006180
-0.000640 -0.000523 0.000587 13.122867 -0.002090 -0.004554 4.316722 12.269478 3.249455 2.603233 0.002378 -0.673883 0.206020 0.142147 0.142853 0.001254 12.799995 9.137917 0.003240 0.010605 -0.002610 -0.004185 13.018945 11.831235 7.432489 11.635093 -0.001236 -0.003846 0.003830 0.002368 -0.006928 0.000805 -0.000924
-0.000857 -0.000118 -0.000358 11.052435 -0.008171 -0.011267 4.255129 12.895421 5.192017 2.640730 -0.027034 -0.207286 0.142800 0.123395 0.124150 0.002211 11.873200 8.418853 0.004283 0.015620 -0.003026 -0.000734 11.163559 10.574928 3.963007 7.552297 0.001961 -0.001937 0.004215 0.001795 -0.008996 0.000480 0.002595
0.000217 -0.000212 0.001890 7.764337 -0.007819 -0.009083 4.538114 9.849981 4.047220 2.587917 -0.026320 0.405693 0.114821 0.000835 0.001601 -0.000202 10.557343 7.744671 0.003780 0.008296 -0.000964 -0.000683 10.253044 10.281682 5.136227 9.109659 0.001797 -0.001096 0.003338 0.001723 -0.007166 -0.000306 0.002941
0.001800 -0.000143 0.004793 6.507565 -0.003034 -0.002353 4.112106 7.264077 2.591393 2.483276 0.007748 3.298157 0.163430 0.012155 0.013005 -0.004042 9.635226 7.163418 0.003036 -0.003082 0.001391 -0.003229 10.862640 11.049511 10.421836 15.382368 0.000368 -0.002011 0.002134 0.001174 -0.002694 -0.002960 0.001208
0.001500 -0.000701 0.008561 4.795815 0.003247 -0.006263 4.545421 5.223007 0.545106 2.396366 0.081741 8.551409 0.172379 0.000300 0.001596 -0.007957 9.204622 6.853323 0.001836 -0.010370 0.003723 -0.004858 12.169206 12.032975 18.866138 24.108528 -0.000711 -0.003108 0.001093 -0.000148 0.002677 -0.005711 -0.000384
0.000043 -0.001299 0.007853 7.439296 0.004707 -0.010243 4.914285 9.351318 2.555858 1.780506 -0.149652 9.990796 -0.113022 0.009955 0.011402 -0.008292 9.018992 7.053510 0.003236 -0.006473 0.003192 -0.005606 12.832899 12.858004 20.998753 26.337452 -0.000437 -0.004397 0.001474 -0.000922 0.003478 -0.006823 0.000045
-0.000519 0.000085 0.005662 8.714209 -0.001220 -0.007091 4.767471 9.879312 4.653047 0.904205 1.083589 7.203118 0.818823 -0.022774 -0.022155 -0.004670 7.374397 6.460860 0.001845 -0.013278 0.002304 -0.000704 8.194340 9.229182 13.787041 18.411604 0.000325 -0.000859 0.000355 -0.001203 -0.000098 -0.005101 0.002600
0.000592 0.001274 0.003255 8.280198 -0.009138 0.006199 3.969055 8.288084 6.634552 0.351953 2.701034 3.671816 2.547067 -0.070253 -0.070940 0.000779 5.242367 5.002714 -0.001635 -0.023055 0.001981 0.006505 2.281012 4.009084 4.142498 7.581369 0.000769 0.004248 -0.002663 -0.001695 -0.004849 -0.003427 0.005936
0.002403 0.001452 0.002912 6.628170 -0.011040 0.014022 2.729025 7.368791 7.237198 0.715821 3.664144 5.103383 3.862810 -0.085432 -0.086965 0.004668 3.752333 3.203829 0.003998 -0.025651 0.003538 0.010403 -0.047440 1.206031 2.278563 4.640971 0.000832 0.007095 -0.005348 -0.002488 -0.006002 -0.004199 0.006676
0.003203 0.001305 0.002041 5.953154 -0.010971 0.029702 3.237410 7.255660 6.819365 0.687549 3.566303 4.530745 4.120518 -0.071709 -0.073605 0.006161 3.851181 3.981911 -0.000534 -0.027459 0.003963 0.010399 0.229011 1.485226 2.377504 4.104733 -0.000271 0.008386 -0.005810 -0.002023 -0.006267 -0.002761 0.007025
0.003145 0.001287 0.001473 5.560596 -0.010966 0.029786 3.939766 6.834741 6.206937 0.592781 3.478730 3.222924 4.218707 -0.066169 -0.067949 0.006460 4.212991 4.376633 -0.007867 -0.020156 0.003153 0.010473 0.269339 1.591668 1.836158 3.325962 -0.000489 0.008794 -0.005674 -0.001692 -0.007000 -0.001760 0.006759
0.002477 0.001389 0.001243 5.113915 -0.010968 0.025622 4.471030 6.872937 6.061673 0.494154 3.512273 2.277849 4.254077 -0.063644 -0.065000 0.005902 4.015118 4.291174 -0.016176 -0.016479 0.002377 0.009568 0.395552 1.636419 1.389722 2.985878 -0.000791 0.008282 -0.005266 -0.001307 -0.007068 -0.001623 0.006161
0.002536 0.001393 0.001642 5.559186 -0.012635 0.014894 4.630413 6.412001 5.978213 0.411067 3.733846 2.311835 4.460681 -0.068814 -0.070027 0.005319 4.143640 4.439071 -0.010467 -0.016215 0.002731 0.009949 -0.462721 0.627674 0.020336 1.435023 -0.001172 0.007163 -0.005259 -0.000622 -0.006581 -0.001601 0.006664
0.001842 0.000187 0.003687 7.306887 -0.005514 0.005125 5.572073 5.989297 3.540838 0.538508 2.919256 3.357450 3.249452 -0.048268 -0.049139 0.000368 6.810195 7.171052 -0.007238 -0.013815 0.002844 0.004789 4.475828 5.351216 7.083667 9.687513 -0.002924 0.003470 -0.003116 0.001280 -0.003605 -0.001402 0.004427
0.000617 -0.001197 0.005061 8.446630 -0.001327 0.001285 5.597490 5.948640 2.322624 1.063092 1.083382 2.902251 1.233604 -0.040468 -0.040365 -0.003167 8.857803 8.900121 -0.002887 -0.007313 0.002425 0.001467 7.213328 8.473002 9.659975 13.224237 -0.002335 -0.000113 -0.000013 0.001583 -0.002962 -0.001120 0.002442
0.000363 -0.001483 0.005645 7.683946 0.003482 -0.001048 5.757121 5.357025 1.107024 1.520562 -0.174255 2.408040 -0.189752 -0.318947 -0.318188 -0.005562 10.562507 9.941829 -0.000743 -0.007081 0.002000 -0.004001 11.550558 12.514952 13.148116 18.127258 -0.002041 -0.003328 0.001106 0.002094 -0.001215 -0.002178 -0.001214
0.000599 0.001068 0.003447 8.374739 -0.003778 -0.006826 5.077538 4.425684 1.203825 1.807309 0.023316 -0.085095 0.155661 1.152504 1.153222 -0.000880 12.548260 11.081198 -0.000048 0.000152 0.000219 -0.001963 10.580516 11.227241 6.126340 10.004153 -0.000626 -0.002061 0.000566 0.001389 -0.003273 0.000380 0.000066
0.001048 0.002181 0.002815 8.814216 -0.002628 -0.017703 5.092707 4.221676 0.037012 2.025920 0.050495 -0.382737 0.228289 1.658986 1.659632 0.000242 15.014319 12.424133 0.001759 0.010031 -0.000959 -0.004640 14.471546 14.181670 7.392846 11.589529 -0.001137 -0.003811 0.000208 0.002060 -0.002633 0.000132 -0.001688
0.000029 0.001012 0.004368 8.573564 0.002139 -0.020262 5.734854 4.700934 0.058356 1.990074 0.059352 2.644277 0.223105 1.178505 1.179205 -0.001491 15.771651 12.301665 -0.001168 0.013193 0.000295 -0.005813 16.184429 15.322865 12.539463 16.981541 -0.000693 -0.003797 0.000899 0.002233 -0.000847 -0.000501 -0.002582
-0.000580 -0.000590 0.006835 7.486741 0.011851 -0.015686 7.078771 4.187826 -0.592919 1.226401 0.106627 5.616087 0.317189 -0.289389 -0.288924 -0.005231 16.309954 12.418485 -0.004774 0.009678 0.002217 -0.009484 20.150650 18.772285 22.254986 27.783846 -0.000900 -0.004137 -0.000307 0.002865 0.003221 -0.003146 -0.005438
-0.001397 -0.000581 0.008152 8.562978 0.014762 -0.018884 6.788308 4.766984 -0.551364 1.364942 0.117186 8.240337 0.275762 0.008426 0.009055 -0.006029 16.359739 11.943532 -0.006159 0.011967 0.003407 -0.009691 20.721027 19.118254 26.281826 31.792765 0.000042 -0.003409 -0.000265 0.001641 0.004191 -0.003734 -0.005214
-0.001072 0.000209 0.007059 8.669655 0.013205 -0.014824 6.752047 5.948775 -0.589279 1.759673 0.117594 7.463231 0.240485 0.007169 0.007965 -0.005138 15.532570 11.605941 -0.005282 0.007569 0.003317 -0.009959 20.451830 19.114134 25.454617 30.878263 -0.000507 -0.003452 -0.000169 0.001271 0.003281 -0.003688 -0.004885
-0.001042 0.000292 0.007034 8.420549 0.012197 -0.014126 7.227422 6.977684 -0.686239 2.046000 0.120238 7.802161 0.206777 0.005779 0.006601 -0.005228 13.885518 10.755254 -0.004704 -0.000775 0.003808 -0.009430 20.197557 18.977169 25.447002 30.874649 -0.001141 -0.003192 0.000439 0.001190 0.003008 -0.003486 -0.004147
-0.000523 0.000580 0.007518 8.239260 0.011026 -0.010709 7.312942 5.953695 -0.710545 1.788476 0.118816 7.514739 0.228379 -0.002479 -0.001829 -0.005229 13.141868 10.439410 -0.004106 -0.005409 0.004499 -0.007982 19.736418 18.633856 24.103104 29.480450 -0.001400 -0.002896 -0.000464 0.001225 0.003376 -0.003492 -0.003392
-0.000181 -0.000202 0.007975 7.631648 0.011019 -0.014531 6.649443 7.012781 -0.553152 2.018097 0.104557 8.085391 0.235170 -0.001541 -0.000990 -0.005337 11.799929 9.300946 -0.003159 -0.007590 0.005136 -0.007465 19.254730 18.031431 24.152176 29.366856 -0.002103 -0.003007 -0.000378 0.001320 0.002856 -0.003202 -0.002670
0.000520 -0.001112 0.008082 6.800595 0.010566 -0.014410 6.250413 8.315392 -0.504072 1.981601 0.099103 8.376393 0.232989 0.002732 0.003308 -0.005428 10.815890 8.299512 -0.002537 -0.007881 0.005364 -0.006946 18.428118 17.340115 23.637838 28.793125 -0.002502 -0.003322 -0.000809 0.001113 0.002203 -0.003049 -0.002111
0.000834 -0.001984 0.007805 5.706884 0.008971 -0.013112 6.294306 10.023616 -0.164100 1.651860 0.097917 8.071476 0.246242 -0.003677 -0.003012 -0.005346 9.004921 7.368052 -0.001028 -0.012050 0.005033 -0.006340 17.342720 16.743433 22.041267 27.063269 -0.002693 -0.003282 -0.000881 0.000390 0.001574 -0.002745 -0.000917
0.001499 -0.001533 0.008184 5.418239 0.006624 -0.006101 6.634892 7.647239 -0.130662 1.363696 0.093534 6.590960 0.257677 -0.009893 -0.009207 -0.005622 8.668558 7.188157 0.000459 -0.009867 0.004380 -0.004936 15.873804 15.578292 18.698624 23.916460 -0.001339 -0.003961 -0.001521 -0.000183 0.001161 -0.003066 -0.000297
0.001622 -0.000304 0.009163 5.556695 0.005950 -0.003505 6.546703 4.031720 -0.404744 1.930216 0.053066 5.440961 0.272978 -0.008710 -0.007804 -0.006114 9.927194 8.431764 0.001081 -0.007790 0.003286 -0.004280 14.537057 14.121520 16.601658 22.350880 0.000345 -0.005293 -0.002322 -0.000960 0.001924 -0.004347 -0.001927
0.000992 0.001707 0.008313 6.856945 0.001246 0.000561 5.730852 1.638057 -0.062053 2.089298 0.148740 3.418586 0.163053 -0.017328 -0.016316 -0.004531 11.390220 9.706536 0.000640 -0.000458 0.001799 -0.002657 11.068048 11.019717 11.954918 17.379482 0.001118 -0.004541 -0.001583 -0.001379 0.001125 -0.003464 -0.002115
0.000428 0.002347 0.007292 7.637585 -0.000693 -0.002220 5.264324 1.773159 0.115287 2.381986 0.158413 2.397923 0.073613 -0.026675 -0.025599 -0.003270 12.292834 10.667638 0.000007 -0.001220 0.001004 -0.002570 10.009217 10.042930 10.160320 15.285386 0.000663 -0.004230 -0.001138 -0.001687 0.001205 -0.002756 -0.002178
0.000056 0.003155 0.006165 7.046638 -0.004620 -0.007193 5.318929 1.988931 0.091299 1.969010 0.087733 0.877869 -0.182089 -0.038452 -0.036956 -0.002171 11.898289 10.756706 -0.000894 -0.006700 0.000021 -0.002451 9.590577 9.805968 7.474657 11.937353 0.000750 -0.005118 -0.000121 -0.002108 0.001388 -0.001913 -0.000838
-0.000207 0.002820 0.004256 4.948031 -0.007900 0.003915 4.628120 2.143597 0.735763 1.641351 -0.029736 1.635389 1.134427 -0.014870 -0.013328 0.000278 9.957896 8.914715 -0.003317 -0.004824 -0.001207 -0.001336 7.251644 7.626523 5.992024 9.222309 0.001360 -0.003312 0.000465 -0.002322 0.000993 -0.001768 0.000594
-0.001200 0.003380 0.003454 4.463100 -0.010743 0.002745 4.343013 2.363012 1.266844 1.256265 0.005088 1.493203 1.553270 -0.013935 -0.012460 0.000949 9.161034 8.414392 -0.003523 -0.006487 -0.002218 -0.001129 6.117261 6.667564 4.399148 6.941364 0.001377 -0.002974 0.001495 -0.002428 0.000622 -0.000978 0.001760
-0.001914 0.003843 0.004828 5.081158 -0.007982 -0.009665 4.928035 1.506109 0.566401 1.681075 0.002596 1.112469 1.122067 -0.026660 -0.025312 -0.000676 10.418604 10.024836 -0.001812 -0.015718 -0.002032 -0.002406 8.764984 8.962075 5.200657 8.396610 0.001195 -0.005280 0.000824 -0.002282 0.001476 -0.001608 0.000199
-0.001925 0.004448 0.007664 5.419729 -0.006494 -0.020520 5.460472 0.631450 -0.062326 1.748365 0.007270 0.931835 -0.148334 -0.045772 -0.044408 -0.004474 11.238001 11.177190 0.000779 -0.029916 -0.001187 -0.004241 11.541825 11.514678 7.040342 11.172526 0.001175 -0.007911 0.000087 -0.002278 0.003225 -0.002561 0.000006
-0.001329 0.003632 0.007967 4.756848 -0.008341 -0.006000 4.854477 1.193480 0.679598 1.358621 0.037562 1.576385 0.067064 -0.039253 -0.038347 -0.005202 9.497608 9.472363 0.001627 -0.031386 -0.000943 -0.003951 10.183770 10.474433 7.457295 11.304028 0.000834 -0.005619 -0.000080 -0.001693 0.002637 -0.002478 0.002077
-0.000890 0.003420 0.008858 4.479490 -0.009112 -0.001502 4.655542 1.412250 1.018465 1.169422 0.060053 1.979026 0.052985 -0.036870 -0.036205 -0.006401 8.695757 8.586014 0.002438 -0.034303 -0.000685 -0.004161 10.088676 10.395061 8.524279 12.462691 0.000729 -0.004892 -0.000268 -0.001552 0.002822 -0.002790 0.003223
-0.000995 0.003486 0.008655 4.553955 -0.008911 -0.002802 4.711572 1.356944 0.931514 1.218962 0.054621 1.879956 0.057089 -0.037415 -0.036687 -0.006116 8.906212 8.808267 0.002232 -0.033577 -0.000749 -0.004117 10.134129 10.427820 8.290988 12.215126 0.000761 -0.005094 -0.000221 -0.001600 0.002794 -0.002726 0.002931
-0.000995 0.003486 0.008655 4.553912 -0.008910 -0.002801 4.711553 1.356976 0.931494 1.219024 0.054628 1.879979 0.057083 -0.037410 -0.036681 -0.006116 8.906213 8.808031 0.002232 -0.033578 -0.000749 -0.004116 10.134037 10.427615 8.290991 12.215133 0.000761 -0.005094 -0.000221 -0.001600 0.002794 -0.002726 0.002931
-0.000994 0.003486 0.008655 4.553847 -0.008911 -0.002801 4.711472 1.356966 0.931460 1.219111 0.054626 1.880024 0.057070 -0.037413 -0.036685 -0.006115 8.906125 8.807789 0.002232 -0.033579 -0.000749 -0.004116 10.133968 10.427536 8.290964 12.214896 0.000762 -0.005093 -0.000221 -0.001600 0.002794 -0.002726 0.002931
-0.000994 0.003486 0.008655 4.553905 -0.008911 -0.002801 4.711378 1.356977 0.931559 1.219121 0.054612 1.880160 0.057094 -0.037415 -0.036687 -0.006115 8.905817 8.807648 0.002231 -0.033579 -0.000749 -0.004116 10.134006 10.427597 8.291301 12.215168 0.000762 -0.005093 -0.000221 -0.001600 0.002794 -0.002726 0.002931
-0.000994 0.003487 0.008655 4.553900 -0.008911 -0.002801 4.711476 1.356923 0.931487 1.219033 0.054613 1.880100 0.057076 -0.037424 -0.036696 -0.006115 8.905898 8.807920 0.002231 -0.033577 -0.000749 -0.004116 10.134072 10.427829 8.291123 12.214943 0.000762 -0.005093 -0.000221 -0.001600 0.002795 -0.002726 0.002931
-0.000994 0.003486 0.008655 4.553898 -0.008911 -0.002801 4.711515 1.356922 0.931532 1.218984 0.054614 1.880149 0.057092 -0.037422 -0.036694 -0.006115 8.905827 8.808035 0.002231 -0.033578 -0.000749 -0.004116 10.134064 10.427831 8.291270 12.215219 0.000762 -0.005093 -0.000221 -0.001600 0.002795 -0.002726 0.002931
-0.000994 0.003486 0.008655 4.553831 -0.008911 -0.002800 4.711456 1.356960 0.931523 1.219049 0.054612 1.880152 0.057093 -0.037417 -0.036689 -0.006115 8.905800 8.807826 0.002231 -0.033578 -0.000749 -0.004116 10.133892 10.427568 8.291171 12.215038 0.000762 -0.005093 -0.000221 -0.001600 0.002794 -0.002726 0.002931
-0.000994 0.003486 0.008655 4.553902 -0.008910 -0.002805 4.711428 1.356918 0.931616 1.219218 0.054619 1.880172 0.057119 -0.037407 -0.036679 -0.006116 8.905809 8.807731 0.002232 -0.033581 -0.000749 -0.004116 10.134175 10.427717 8.291673 12.215940 0.000762 -0.005093 -0.000221 -0.001600 0.002794 -0.002726 0.002931
-0.000995 0.003486 0.008655 4.553622 -0.008910 -0.002808 4.711374 1.357191 0.931685 1.219457 0.054614 1.880212 0.057066 -0.037410 -0.036682 -0.006116 8.906330 8.808029 0.002231 -0.033582 -0.000749 -0.004117 10.133959 10.427465 8.291759 12.215956 0.000762 -0.005093 -0.000220 -0.001600 0.002794 -0.002726 0.002931
-0.000995 0.003486 0.008655 4.553438 -0.008911 -0.002807 4.711233 1.357499 0.931700 1.219536 0.054601 1.880373 0.057022 -0.037417 -0.036689 -0.006116 8.906202 8.808084 0.002230 -0.033581 -0.000749 -0.004117 10.133650 10.427325 8.291729 12.215780 0.000762 -0.005093 -0.000220 -0.001600 0.002794 -0.002725 0.002931
-0.000995 0.003485 0.008655 4.553473 -0.008912 -0.002801 4.711257 1.357403 0.931637 1.219375 0.054604 1.880420 0.057001 -0.037421 -0.036693 -0.006116 8.906404 8.808245 0.002230 -0.033580 -0.000749 -0.004116 10.133115 10.426892 8.291352 12.215306 0.000761 -0.005092 -0.000220 -0.001600 0.002794 -0.002725 0.002931
-0.000995 0.003485 0.008655 4.553674 -0.008911 -0.002802 4.711580 1.357297 0.931666 1.219379 0.054644 1.880280 0.057018 -0.037422 -0.036693 -0.006116 8.906216 8.808121 0.002231 -0.033580 -0.000748 -0.004117 10.133621 10.427442 8.291903 12.216226 0.000762 -0.005093 -0.000220 -0.001600 0.002794 -0.002725 0.002931
-0.000995 0.003486 0.008655 4.553542 -0.008911 -0.002801 4.711916 1.357493 0.931750 1.219463 0.054675 1.880145 0.057002 -0.037421 -0.036692 -0.006116 8.906573 8.808347 0.002231 -0.033579 -0.000749 -0.004117 10.133631 10.427318 8.291969 12.216367 0.000761 -0.005092 -0.000220 -0.001600 0.002794 -0.002725 0.002931
-0.000995 0.003486 0.008655 4.553632 -0.008911 -0.002800 4.711803 1.357579 0.931726 1.219312 0.054655 1.880183 0.057023 -0.037419 -0.036691 -0.006116 8.906241 8.808194 0.002231 -0.033578 -0.000749 -0.004117 10.133667 10.427402 8.291685 12.215950 0.000761 -0.005093 -0.000220 -0.001600 0.002794 -0.002725 0.002931
-0.000994 0.003486 0.008655 4.553973 -0.008911 -0.002802 4.711629 1.357185 0.931622 1.218957 0.054623 1.880218 0.057064 -0.037418 -0.036690 -0.006116 8.906273 8.808510 0.002231 -0.033580 -0.000749 -0.004117 10.133704 10.427518 8.291195 12.215391 0.000761 -0.005093 -0.000220 -0.001600 0.002794 -0.002726 0.002931
-0.000994 0.003485 0.008655 4.554070 -0.008910 -0.002804 4.711421 1.356987 0.931553 1.218885 0.054603 1.880159 0.057102 -0.037411 -0.036683 -0.006116 8.905838 8.808181 0.002232 -0.033583 -0.000749 -0.004116 10.134062 10.427806 8.291238 12.215363 0.000762 -0.005094 -0.000220 -0.001601 0.002794 -0.002727 0.002931
-0.000995 0.003486 0.008655 4.553801 -0.008911 -0.002800 4.711551 1.357425 0.931702 1.219226 0.054628 1.880159 0.057049 -0.037408 -0.036680 -0.006116 8.906008 8.807986 0.002231 -0.033585 -0.000749 -0.004117 10.133569 10.427210 8.291211 12.215286 0.000762 -0.005093 -0.000220 -0.001600 0.002795 -0.002726 0.002931
-0.000995 0.003486 0.008655 4.553966 -0.008910 -0.002800 4.711670 1.357393 0.931640 1.219194 0.054632 1.880020 0.057038 -0.037410 -0.036682 -0.006116 8.906452 8.808136 0.002231 -0.033584 -0.000749 -0.004117 10.133745 10.427356 8.291134 12.215329 0.000762 -0.005094 -0.000220 -0.001600 0.002794 -0.002726 0.002931
-0.000995 0.003486 0.008655 4.553685 -0.008911 -0.002798 4.712046 1.357432 0.931649 1.219159 0.054660 1.880009 0.057019 -0.037419 -0.036691 -0.006116 8.906552 8.808512 0.002231 -0.033581 -0.000749 -0.004117 10.133745 10.427403 8.291309 12.215565 0.000761 -0.005093 -0.000220 -0.001600 0.002794 -0.002725 0.002931
-0.000995 0.003486 0.008655 4.553630 -0.008911 -0.002800 4.711881 1.357321 0.931518 1.218980 0.054650 1.879988 0.057046 -0.037418 -0.036690 -0.006116 8.906515 8.808446 0.002231 -0.033578 -0.000749 -0.004117 10.133796 10.427427 8.291018 12.215335 0.000761 -0.005094 -0.000221 -0.001600 0.002794 -0.002725 0.002931
-0.000995 0.003486 0.008654 4.553695 -0.008911 -0.002798 4.711558 1.357532 0.931467 1.219031 0.054635 1.879927 0.057029 -0.037410 -0.036682 -0.006115 8.906792 8.808406 0.002232 -0.033579 -0.000749 -0.004116 10.133362 10.427012 8.290272 12.214538 0.000761 -0.005093 -0.000222 -0.001600 0.002794 -0.002724 0.002931
-0.000995 0.003486 0.008654 4.554277 -0.008910 -0.002802 4.711401 1.357168 0.931414 1.218849 0.054602 1.880025 0.057068 -0.037406 -0.036678 -0.006115 8.906649 8.808437 0.002232 -0.033582 -0.000749 -0.004116 10.133644 10.427364 8.290396 12.214740 0.000761 -0.005094 -0.000222 -0.001600 0.002794 -0.002725 0.002931
-0.000995 0.003486 0.008653 4.553649 -0.008911 -0.002803 4.711046 1.357320 0.931365 1.219021 0.054611 1.879414 0.057066 -0.037408 -0.036680 -0.006115 8.906333 8.808203 0.002232 -0.033581 -0.000750 -0.004117 10.134052 10.427769 8.289644 12.213411 0.000762 -0.005094 -0.000221 -0.001600 0.002794 -0.002725 0.002930
-0.000995 0.003486 0.008653 4.553568 -0.008911 -0.002805 4.710954 1.357360 0.931446 1.219087 0.054615 1.879390 0.057082 -0.037413 -0.036684 -0.006116 8.906123 8.808032 0.002232 -0.033580 -0.000750 -0.004117 10.134308 10.428030 8.289844 12.213504 0.000762 -0.005094 -0.000220 -0.001601 0.002794 -0.002725 0.002931
-0.000995 0.003486 0.008654 4.553712 -0.008911 -0.002806 4.711287 1.357234 0.931379 1.219050 0.054618 1.879486 0.057067 -0.037413 -0.036685 -0.006116 8.906504 8.808290 0.002232 -0.033580 -0.000750 -0.004117 10.134306 10.427960 8.290011 12.213914 0.000762 -0.005094 -0.000220 -0.001600 0.002794 -0.002725 0.002931
-0.000994 0.003486 0.008655 4.554166 -0.008910 -0.002805 4.711739 1.356860 0.931502 1.218899 0.054617 1.880279 0.057089 -0.037413 -0.036685 -0.006116 8.906293 8.808541 0.002232 -0.033582 -0.000749 -0.004117 10.134026 10.427714 8.291507 12.215851 0.000762 -0.005094 -0.000221 -0.001600 0.002795 -0.002726 0.002931
-0.000995 0.003486 0.008655 4.553680 -0.008911 -0.002801 4.711505 1.357066 0.931463 1.219042 0.054608 1.880076 0.057051 -0.037414 -0.036686 -0.006116 8.906026 8.808143 0.002231 -0.033580 -0.000749 -0.004116 10.133929 10.427673 8.290948 12.214993 0.000761 -0.005093 -0.000221 -0.001600 0.002794 -0.002725 0.002931
-0.000995 0.003485 0.008655 4.553269 -0.008913 -0.002797 4.711297 1.357337 0.931593 1.219220 0.054585 1.880151 0.057004 -0.037419 -0.036691 -0.006116 8.905498 8.807701 0.002230 -0.033580 -0.000748 -0.004115 10.133369 10.427299 8.290480 12.214236 0.000761 -0.005092 -0.000221 -0.001600 0.002793 -0.002725 0.002932
-0.000995 0.003485 0.008654 4.553356 -0.008913 -0.002800 4.711328 1.357364 0.931615 1.219103 0.054567 1.880240 0.056983 -0.037423 -0.036694 -0.006116 8.905869 8.807806 0.002230 -0.033587 -0.000748 -0.004116 10.132541 10.426478 8.289814 12.213675 0.000761 -0.005092 -0.000220 -0.001600 0.002793 -0.002724 0.002931
