-0.001790 -0.003171 0.005144 13.738997 0.006371 -0.014361 4.577542 12.325403 4.094795 3.219145 0.029813 5.205515 0.253578 0.017849 0.018597 -0.004873 8.708673 7.617683 0.001510 -0.003367 0.002503 -0.007612 12.187993 11.574409 17.892338 22.761917 -0.003837 -0.003701 0.003004 0.001352 0.000799 -0.001641 -0.000250
-0.000977 -0.002521 0.003248 15.276455 0.003336 0.020382 3.705570 14.357826 6.541553 3.283428 0.029006 3.048835 0.238272 0.005369 0.005932 -0.002203 8.703126 7.972265 0.001138 0.005984 0.001419 -0.006453 10.507576 10.405738 14.986941 19.672272 -0.001778 -0.002660 0.002514 0.001371 -0.001568 -0.001179 0.000458
-0.000778 -0.002255 0.004097 14.619109 0.002473 -0.032872 3.157109 14.319072 7.347507 3.243160 0.044199 4.242013 0.232101 -0.005454 -0.004599 -0.003379 8.325210 6.570199 0.001625 0.007430 0.001385 -0.005926 9.932276 9.832145 15.388494 20.430639 0.000128 -0.003339 0.002281 0.000253 -0.001644 -0.002933 0.001136
-0.000610 -0.001396 0.003926 13.854201 -0.001413 0.135686 2.334509 13.984256 8.914956 3.180745 -0.001626 3.545956 0.178629 -0.017145 -0.016520 -0.002150 7.152445 5.568532 0.002357 0.009829 0.001127 -0.002542 8.125877 8.228517 11.908193 16.596256 0.003047 -0.002236 0.001688 -0.000419 -0.002802 -0.003926 0.002397
-0.000954 -0.001671 0.003900 13.715841 0.001666 0.177787 2.980206 13.965997 7.702890 3.251715 -0.024080 3.589746 0.224441 -0.013394 -0.012890 -0.001978 7.762892 6.963297 0.002632 0.009215 0.001219 -0.003604 8.957853 9.060189 13.735351 18.285433 0.002205 -0.002268 0.001792 -0.000057 -0.001848 -0.003459 0.000580
-0.000923 -0.001636 0.002430 16.378729 -0.000278 0.124972 3.993480 13.474413 7.587069 3.030435 -0.021226 1.287375 0.199840 -0.003560 -0.003173 0.000251 9.361315 8.905194 0.003295 0.015866 -0.000215 -0.001828 7.858507 8.153900 9.993488 14.062877 0.001246 -0.001360 0.001599 0.000843 -0.004228 -0.000858 0.001239
0.000120 -0.001620 0.004183 14.314408 0.002527 -0.041907 4.721869 9.553894 4.324266 3.214766 0.037290 3.325157 0.232064 0.010302 0.010995 -0.002352 11.379858 9.866438 0.002586 0.009654 0.000400 -0.003501 9.519818 9.463657 13.135113 17.645832 -0.000595 -0.002311 0.001314 0.001120 -0.002487 -0.001052 -0.000007
0.001630 -0.001143 0.005530 10.097308 0.002758 -0.004970 4.109038 5.944919 2.389754 3.242934 0.067039 4.503432 0.237184 0.014248 0.014893 -0.004447 11.670908 9.546570 0.001600 0.001199 0.001388 -0.004003 10.352738 10.246088 14.547044 19.267906 -0.000679 -0.002634 0.000639 0.000923 -0.000706 -0.002634 -0.000401
0.002040 -0.002009 0.006628 6.865264 0.008985 -0.008973 4.455197 5.305586 -0.074445 3.086029 0.132163 6.340051 0.303907 0.018307 0.018809 -0.007411 11.694597 9.567210 -0.000641 -0.007155 0.003294 -0.008260 13.490644 13.200432 20.786953 26.051472 -0.002739 -0.004047 0.000543 0.000699 0.002878 -0.004142 -0.002677
0.000328 -0.000987 0.007546 8.545401 0.010542 -0.005718 4.829848 5.545763 0.204587 2.436677 0.124871 7.793344 0.265821 0.028633 0.028913 -0.006757 13.368136 10.507992 -0.001612 -0.003176 0.002939 -0.008333 15.472604 14.661311 23.587461 28.693613 -0.001238 -0.004124 0.000828 0.000601 0.003945 -0.004492 -0.004192
-0.001330 0.000192 0.009868 8.469077 0.012767 -0.007984 5.596516 4.584092 -0.230436 1.638242 0.113618 10.596830 0.243409 0.032216 0.032487 -0.007128 15.203278 11.116343 -0.003963 0.002243 0.003368 -0.008491 18.589375 17.097172 27.290293 32.768002 0.000967 -0.004170 0.000984 0.000412 0.005629 -0.005355 -0.005931
-0.001416 0.000617 0.010779 7.701730 0.012357 -0.008691 5.415361 3.400851 -0.388280 1.609979 0.083223 11.381050 0.223967 0.027844 0.028274 -0.007220 15.616174 10.691956 -0.003807 0.002110 0.003238 -0.007459 18.800570 17.065664 27.307533 32.849266 0.002671 -0.004576 0.000987 0.000243 0.005712 -0.006098 -0.006192
-0.000780 0.000060 0.009224 7.404400 0.011712 -0.010065 5.781839 3.982344 -0.534634 1.782297 0.086927 9.271997 0.230698 0.019634 0.020108 -0.006712 14.737114 10.458327 -0.003288 0.000993 0.003373 -0.007537 18.473320 16.998144 25.162249 30.589931 0.001477 -0.004941 0.000899 0.000246 0.004615 -0.005567 -0.005007
-0.001285 0.001141 0.009000 9.454803 0.011473 -0.014499 5.982634 3.968666 -0.526507 1.547218 0.099498 8.127060 0.218454 0.018052 0.018537 -0.005821 15.246093 11.493604 -0.001791 -0.006211 0.003128 -0.008002 18.646534 17.460045 25.019367 30.385403 0.001437 -0.004676 0.001489 -0.000096 0.005022 -0.005775 -0.005170
-0.002725 0.002461 0.009567 11.915149 0.011976 -0.024405 6.759392 4.137617 -0.433162 0.777129 0.119612 7.577414 0.233680 0.017139 0.017504 -0.005133 16.706392 13.275401 -0.001711 -0.007441 0.002668 -0.009201 20.112888 19.174540 26.134398 31.755322 0.001367 -0.003858 0.002229 -0.000331 0.005929 -0.005705 -0.005918
-0.003752 0.003658 0.010746 14.935332 0.013088 -0.028531 6.822399 3.669617 -0.222961 0.581917 0.117254 7.920260 0.240559 0.018250 0.018312 -0.004783 19.248882 15.398295 -0.000966 -0.009445 0.001979 -0.009897 20.903553 19.977423 28.462860 34.170654 0.002399 -0.003527 0.003143 -0.000294 0.006780 -0.006332 -0.008012
-0.004841 0.004596 0.012166 17.785646 0.015133 -0.029107 6.952523 3.265639 -0.066316 0.285507 0.108320 8.900269 0.246006 0.012024 0.011830 -0.004768 22.617794 18.223892 -0.000744 -0.008105 0.001611 -0.011248 22.210344 21.251720 31.965303 37.783047 0.003667 -0.003972 0.004483 -0.000076 0.007629 -0.006917 -0.010860
-0.005941 0.004880 0.012943 21.051538 0.016934 -0.028777 6.858314 2.745802 0.022244 0.398189 0.117130 9.128701 0.242964 0.018113 0.017837 -0.004812 25.788635 20.769035 0.000822 -0.007924 0.000965 -0.013171 22.770895 21.515558 34.342407 40.249325 0.004472 -0.005685 0.005983 0.000524 0.008568 -0.007413 -0.013410
-0.005665 0.003752 0.012872 19.992514 0.016789 -0.020038 6.087463 1.682741 0.039984 1.327654 0.104622 9.722953 0.236916 0.031128 0.031009 -0.005841 24.986128 19.380295 0.001492 -0.003953 0.001314 -0.011985 21.720966 19.790026 33.430214 39.134777 0.004382 -0.006552 0.004971 0.000971 0.008418 -0.007836 -0.013080
-0.005060 0.002568 0.012507 17.976692 0.016415 -0.009154 5.417725 0.626769 -0.037109 2.246819 0.081481 9.867195 0.248202 0.043365 0.043467 -0.006912 23.286379 17.228848 0.001647 -0.001991 0.001912 -0.009950 19.880779 17.405157 31.237350 36.774857 0.003851 -0.006967 0.003093 0.001147 0.007642 -0.007893 -0.012030
-0.003526 0.001883 0.012521 15.338675 0.014649 -0.002165 5.042115 0.553609 -0.116188 2.036362 0.071516 10.593945 0.260693 0.040456 0.040594 -0.007542 20.457172 14.832659 0.000365 -0.002055 0.002889 -0.006763 18.291931 16.163183 29.244318 34.796917 0.003274 -0.005357 0.000922 0.000291 0.006503 -0.007851 -0.009728
-0.001990 0.001345 0.010751 12.145739 0.012003 -0.000082 5.043036 0.485341 -0.260279 2.014877 0.078220 8.382260 0.281878 0.038014 0.038303 -0.007110 18.289928 13.245947 0.001512 0.000180 0.002476 -0.005563 16.650312 14.911243 24.536253 30.119616 0.002471 -0.005765 -0.000112 0.000339 0.005510 -0.007221 -0.008588
-0.000030 0.000714 0.008422 7.661669 0.008972 -0.002991 5.396499 1.842943 -0.552122 2.262597 0.091268 5.981759 0.257229 0.025264 0.025781 -0.006169 14.934858 10.964704 0.001304 0.000749 0.002572 -0.004871 16.351646 15.012486 20.240763 25.679323 0.001171 -0.005734 -0.000947 0.000694 0.003527 -0.005800 -0.006202
0.000461 0.001143 0.006312 5.736741 0.006645 -0.004433 6.135277 2.640383 -0.716540 2.476658 0.079980 2.889850 0.242522 0.006099 0.006747 -0.004572 14.085507 10.792838 0.000998 -0.001014 0.002260 -0.006161 17.500473 16.245464 16.954727 22.232706 0.000247 -0.006367 -0.001081 0.001274 0.002639 -0.004149 -0.004891
0.000874 0.001797 0.006451 5.694168 0.005986 -0.003064 6.007512 2.322054 -0.671931 2.590429 0.061143 2.300536 0.261175 0.009710 0.010534 -0.004827 14.128417 10.913897 0.001776 -0.002664 0.002673 -0.006219 17.626740 16.302887 16.053528 21.476425 -0.000119 -0.006326 -0.001238 0.000933 0.002906 -0.004430 -0.005074
0.000325 0.002928 0.005961 5.465667 0.003296 -0.007641 5.235981 0.705783 -0.600770 3.234718 0.014868 1.242093 0.217506 0.006564 0.007753 -0.003897 14.623251 11.266076 0.004173 0.000832 0.001922 -0.005265 14.960051 13.621565 11.051505 16.130941 0.000453 -0.007805 -0.001258 0.000105 0.003354 -0.004053 -0.005295
-0.000640 0.003707 0.005798 5.728982 0.000511 -0.023442 4.601319 0.111764 -0.670690 3.617006 -0.030299 0.956729 0.085208 -0.008819 -0.007031 -0.003095 14.547001 11.372302 0.005583 -0.000714 0.000892 -0.004359 12.115341 11.115107 7.466589 12.200525 0.000734 -0.008829 -0.001292 -0.000867 0.003143 -0.002840 -0.004147
-0.001393 0.004143 0.005131 5.597235 -0.004517 -0.022319 4.643742 0.030661 -0.556744 2.820604 -0.061029 0.336799 0.264934 -0.030280 -0.028383 -0.001345 13.737187 11.328160 0.002603 -0.004644 -0.000709 -0.003067 9.654929 9.441713 4.365195 8.322679 0.000989 -0.008059 -0.001485 -0.001837 0.002450 -0.001375 -0.001566
-0.000318 0.004316 0.005477 5.596612 -0.006441 -0.012905 4.928772 1.429183 -0.151939 2.051898 -0.041032 0.687087 0.391954 -0.038924 -0.037180 0.000069 12.536862 10.635975 0.001389 -0.007838 -0.001506 -0.002953 9.469690 9.387665 5.722757 9.477079 0.001948 -0.006187 -0.000878 -0.001557 0.001488 -0.001687 -0.001288
0.000097 0.004082 0.004756 5.342561 -0.008227 -0.007144 4.958723 3.618242 0.750762 1.843755 -0.052034 0.760213 0.433403 -0.110644 -0.109396 0.001827 11.073380 9.813391 0.001374 -0.001618 -0.002445 -0.002703 10.199300 10.043500 6.814603 10.335466 0.003028 -0.004434 -0.000828 -0.000219 -0.000163 -0.001580 -0.000091
-0.000162 0.004674 0.004320 5.010801 -0.010382 -0.004442 4.913472 3.882146 1.390681 1.710387 0.060031 0.489192 2.066889 0.150532 0.150981 0.003721 10.693757 10.169621 0.001629 -0.003162 -0.002675 -0.000831 8.790299 8.635568 5.623750 8.259476 0.002964 -0.002456 -0.001577 -0.000530 0.000435 -0.001518 0.000904
-0.000774 0.005443 0.003984 4.199300 -0.013600 0.003676 4.788267 2.407336 1.569672 1.132336 0.152803 -0.023990 3.939986 0.516043 0.515752 0.005094 10.668006 11.223617 -0.000857 -0.010147 -0.002680 0.001716 5.430966 5.769333 2.075035 3.374702 0.002116 -0.000551 -0.002220 -0.002332 0.002243 -0.001341 0.001956
-0.000344 0.006437 0.003970 3.770293 -0.015329 0.008134 4.777924 1.764414 1.425457 0.739885 0.219268 -0.319149 4.956366 0.798331 0.797670 0.006695 10.651420 11.935554 -0.002028 -0.019629 -0.002519 0.002451 3.745027 4.294192 0.174878 0.678504 0.001625 0.000648 -0.002022 -0.003813 0.003546 -0.001112 0.002026
-0.000443 0.006000 0.003549 3.567233 -0.015076 0.006320 4.711522 2.011905 1.499401 0.801035 0.154350 -0.226587 4.605413 0.700244 0.699693 0.006478 10.054722 11.450813 -0.001808 -0.019470 -0.002768 0.001930 4.053489 4.584528 0.599898 1.289898 0.001368 0.000753 -0.001807 -0.003199 0.003183 -0.000614 0.002337
-0.000668 0.005707 0.003640 3.296515 -0.015178 0.011589 4.808895 2.008181 1.443488 0.732406 0.127082 -0.181906 4.583603 0.524705 0.524247 0.006461 9.318232 10.920799 -0.001205 -0.020105 -0.002634 0.002141 3.979085 4.569079 0.804839 1.485080 0.001250 0.000971 -0.001772 -0.002785 0.002919 -0.000129 0.002673
-0.001043 0.005330 0.003977 3.250330 -0.014922 0.015986 4.866457 1.910610 1.367769 0.698906 0.067330 -0.148100 4.301584 0.291421 0.291194 0.005972 8.770914 10.540880 -0.000166 -0.018910 -0.002383 0.001982 4.247364 4.872813 1.134513 1.827612 0.001359 0.000923 -0.001619 -0.002248 0.002888 0.000043 0.002822
-0.001006 0.005331 0.004853 3.506904 -0.014215 0.014005 4.858066 1.690812 1.172735 0.712200 0.038827 -0.063344 3.601083 0.114459 0.114635 0.005203 8.560314 10.464023 0.001540 -0.018775 -0.001636 0.001788 5.235463 5.756227 2.010907 2.884491 0.001779 0.000599 -0.002005 -0.001736 0.003121 -0.000085 0.002785
-0.000434 0.005085 0.005778 4.086434 -0.011918 0.004522 5.111763 1.423481 0.835328 0.828670 0.047033 0.029244 2.187871 0.017868 0.018244 0.003173 9.173386 10.733421 0.001531 -0.019664 -0.000702 0.001311 6.604164 7.164310 3.500645 5.222970 0.001791 -0.000382 -0.002349 -0.001397 0.002946 -0.000509 0.002376
0.000643 0.003806 0.007240 5.157511 -0.007015 -0.006725 5.628930 1.623874 0.320837 0.724926 0.254460 0.985361 0.674672 -0.035885 -0.035353 -0.001335 10.154604 11.031946 0.000480 -0.021936 0.000577 -0.000879 8.891400 9.681677 7.457376 11.062154 0.000906 -0.001965 -0.002020 -0.000777 0.002536 -0.001944 0.001436
0.001530 0.002143 0.007873 5.843932 -0.003485 -0.012791 6.298759 2.259844 0.145789 0.437443 0.481480 1.653518 0.051017 -0.023297 -0.022630 -0.005031 10.578042 10.948406 -0.000088 -0.021657 0.000949 -0.002631 9.944132 11.197045 10.015074 15.109430 -0.000461 -0.003220 -0.001146 -0.000034 0.001575 -0.002926 0.000860
0.001255 0.000231 0.007897 6.509170 0.000114 -0.016290 5.923497 4.116718 0.525830 0.393965 0.456903 4.357447 0.111128 -0.010022 -0.009116 -0.007232 10.427827 10.354758 0.000603 -0.014345 0.001683 -0.004221 10.837751 12.103326 14.316015 19.927340 -0.001573 -0.003375 -0.000173 0.000374 0.002409 -0.004319 0.000381
-0.000089 -0.001712 0.007341 9.371558 0.005800 -0.015692 4.549561 7.362355 1.330823 1.081947 0.070368 7.168040 -0.180325 -0.564661 -0.563458 -0.007776 11.295273 10.081087 0.001812 -0.005448 0.002040 -0.006564 11.748788 12.486920 19.630838 25.457394 -0.002702 -0.003923 0.000544 0.000460 0.004037 -0.005159 -0.001158
-0.001237 -0.000141 0.004245 13.034220 0.001013 -0.002954 3.448600 9.300982 3.829454 1.301227 0.622033 6.072155 1.262953 1.540738 1.540833 -0.001310 11.520511 9.830339 -0.001891 0.004680 -0.000066 -0.001893 8.781745 9.419735 15.875815 20.015354 -0.000840 0.000412 0.000380 -0.000148 -0.000058 -0.003297 0.000961
-0.001441 0.003756 0.000274 14.581438 -0.010766 0.010333 3.612018 9.202464 6.533070 1.079349 1.231157 1.749625 2.746725 5.075878 5.074753 0.007179 11.315217 9.919492 -0.005751 0.016222 -0.003690 0.006077 4.297784 5.389947 5.515858 7.240186 0.003272 0.004953 -0.000010 -0.001148 -0.006628 -0.000455 0.004814
-0.000141 0.006377 -0.002910 14.440897 -0.019946 0.007677 3.570872 8.829636 8.526700 1.736407 1.028428 -0.588050 3.479632 8.702628 8.700734 0.012553 11.274196 10.265602 -0.006549 0.015976 -0.005369 0.010631 1.839806 3.154285 -1.470814 -1.543412 0.006126 0.007661 0.000087 -0.001482 -0.010481 0.000860 0.008507
0.001911 0.005895 -0.003218 16.726517 -0.018983 0.156024 2.509188 8.989562 9.045937 3.645181 0.073317 -0.305474 2.488702 8.962048 8.960563 0.011602 12.645346 10.808325 -0.004168 0.011633 -0.004669 0.007837 2.629386 3.410958 -1.396963 -1.420889 0.005466 0.005819 0.000462 -0.000849 -0.008929 0.000447 0.009289
0.002369 0.001823 -0.002040 15.572649 -0.011422 0.176418 2.401869 12.404598 7.887858 4.378987 -0.126097 1.220628 1.654266 5.753053 5.752541 0.007268 12.309192 10.526444 -0.000742 0.002994 -0.002947 0.000881 5.454795 5.947116 5.028370 6.232782 0.001502 0.003062 0.001203 0.000955 -0.006575 0.000276 0.006120
0.001088 -0.003253 0.001166 11.630101 -0.000659 0.173604 2.592302 15.219606 5.462879 4.456673 0.030585 3.372049 0.712293 1.477309 1.477839 0.000324 11.085284 9.380219 0.003423 0.001412 -0.000905 -0.006218 9.489304 9.675675 14.960452 18.122467 -0.001884 -0.000780 0.001592 0.002377 -0.004079 -0.001086 0.000886
0.000860 -0.004838 0.001705 9.965687 0.002183 0.042999 2.819175 17.109177 5.142192 3.857655 0.036341 3.321003 0.250107 -0.377246 -0.376479 -0.001992 10.645232 9.591734 0.005793 -0.001554 -0.000001 -0.009018 11.362961 11.893351 16.846447 21.104359 -0.003509 -0.001931 0.002373 0.003219 -0.004068 -0.001544 -0.000549
0.001075 -0.002310 0.000384 11.367616 -0.001042 0.041985 3.455561 16.216242 5.052343 2.823638 0.007990 0.674001 0.353775 0.244791 0.245178 0.000229 12.389649 11.250562 0.005403 0.001345 -0.001449 -0.007318 11.577443 12.272736 10.458327 14.489551 -0.002898 -0.001558 0.003663 0.002776 -0.005200 -0.000458 0.000345
0.000974 -0.001836 0.001521 9.973810 0.002205 -0.032541 5.207507 14.724939 3.151966 1.830222 0.048455 1.197262 0.351255 0.175540 0.175976 -0.000867 12.583104 11.429808 0.004110 -0.001643 -0.000228 -0.007999 13.592609 14.058722 12.339792 16.710644 -0.004293 -0.002291 0.003661 0.002703 -0.003063 -0.000158 -0.001466
0.000642 -0.002152 0.003197 8.018165 0.004474 -0.017645 6.255090 12.598621 1.393251 1.524292 0.082744 1.898832 0.319143 -0.028477 -0.028032 -0.002634 12.223872 11.177411 0.003793 0.001992 0.000483 -0.007419 14.829399 15.144778 14.320062 19.191723 -0.004182 -0.003168 0.002828 0.002903 -0.002115 -0.000297 -0.002333
0.000708 -0.002394 0.003150 7.505527 0.003866 -0.018481 6.389756 11.780711 1.657181 1.362848 0.079950 1.760318 0.303844 -0.007753 -0.007402 -0.003242 11.258120 10.642723 0.002723 0.007571 0.001095 -0.006655 14.276984 14.846601 14.299836 19.250916 -0.004455 -0.002865 0.002225 0.003389 -0.002624 -0.000084 -0.001396
0.000123 -0.003335 0.003084 6.379636 0.004766 -0.018729 6.607946 13.642347 1.472316 1.125411 0.105993 2.235008 0.332278 -0.241595 -0.240963 -0.004141 10.402486 10.074731 0.002742 0.004521 0.001314 -0.008357 15.386580 15.745436 16.893705 21.672245 -0.005788 -0.003565 0.002543 0.003644 -0.002230 0.000252 -0.001874
0.000382 -0.002500 0.003168 6.118764 0.003950 -0.017682 6.139456 14.292915 1.919919 1.635137 0.091509 2.887069 0.324713 0.570061 0.570637 -0.003172 10.252826 9.507375 0.002541 0.006210 0.001618 -0.008299 15.515307 15.541438 16.674450 21.139011 -0.004719 -0.003363 0.002647 0.002764 -0.002611 -0.000139 -0.001537
0.001243 0.000172 0.001579 7.391240 -0.003521 -0.013966 5.530929 14.276850 3.542119 1.736700 0.036101 1.379037 0.235795 2.505336 2.505718 0.000785 11.397590 10.627376 0.003231 0.013299 -0.000458 -0.004201 13.309204 13.862432 8.320335 12.209509 -0.000363 -0.001766 0.003380 0.001272 -0.005816 -0.000003 0.001785
0.001474 0.002239 -0.000062 8.144146 -0.008788 -0.006699 5.002167 12.435319 3.883357 1.501110 0.001706 -0.418773 0.175369 4.086206 4.086421 0.003972 12.531348 11.734117 0.003986 0.017760 -0.002223 -0.000801 11.333717 12.372338 1.476052 4.871258 0.003007 -0.000279 0.003832 0.000298 -0.008236 0.000740 0.004236
0.000406 0.001087 0.000806 7.155347 -0.008792 -0.001056 4.622008 10.696054 3.763513 1.131638 0.000516 -0.020500 0.083352 2.488215 2.488787 0.001552 10.697170 10.426786 0.003791 0.006959 -0.001202 -0.000763 9.872495 11.196546 2.714913 6.037025 0.001882 -0.000272 0.003430 0.000415 -0.006903 0.001511 0.004499
-0.000931 0.001685 0.001153 6.108750 -0.009767 0.009090 4.155337 8.057052 3.498718 1.537959 -0.032463 -0.023785 0.295015 1.616770 1.617280 0.001736 9.433735 9.753996 0.001771 -0.000181 -0.000601 0.000573 7.880230 9.316562 1.984731 4.548759 0.002891 0.000247 0.002341 -0.000901 -0.006438 0.001863 0.005330
-0.001634 0.002520 0.001375 5.705523 -0.010000 0.010833 4.387623 6.022011 2.976997 2.013579 -0.054529 -0.044467 0.464856 2.149994 2.150426 0.002799 9.024707 9.616487 0.000657 -0.004047 -0.000035 0.002364 7.075589 8.280820 0.815394 2.475347 0.004802 0.000204 0.000766 -0.002343 -0.006645 0.001478 0.006562
-0.001157 0.002801 0.001117 5.859772 -0.009199 0.014548 4.915438 5.159799 2.008599 2.408462 -0.052839 -0.077049 0.527459 3.111130 3.111511 0.004048 9.903164 10.442659 0.000852 -0.001162 -0.000082 0.002976 7.897198 8.615676 -0.066419 1.224903 0.005596 -0.000566 -0.000589 -0.002976 -0.006652 0.001487 0.007236
-0.000656 0.001924 0.000697 6.486430 -0.008074 0.008015 5.329063 5.314024 1.917309 1.911074 -0.050726 -0.062657 0.350751 3.732999 3.733503 0.003012 9.888566 10.411877 0.001710 0.002598 0.000194 0.002627 8.808321 9.445340 0.193423 1.811580 0.005091 -0.001103 -0.000222 -0.002060 -0.006790 0.000859 0.007794
-0.000061 0.001673 0.000989 7.233013 -0.007528 0.006377 5.227485 4.900378 1.339418 1.479987 -0.013386 -0.063174 0.263705 4.348394 4.348664 0.002935 10.647705 10.279271 0.001571 0.004330 0.000189 0.003297 9.818632 10.186707 0.178426 1.890788 0.005447 -0.001807 0.000001 -0.001937 -0.006544 0.000160 0.008000
0.000105 0.001284 0.001446 8.434153 -0.006172 0.002507 4.752759 4.573100 0.711503 1.824572 0.007495 -0.329711 0.116402 3.050151 3.050382 0.002169 11.572165 10.255717 0.003319 0.007252 -0.000124 0.001938 10.783644 10.747673 1.078437 3.415410 0.004204 -0.003011 0.000887 -0.000723 -0.005941 0.000230 0.005205
0.000605 0.000796 0.004700 7.672694 -0.003416 -0.000829 4.942237 3.674095 0.441025 1.974367 0.063940 0.852665 0.111879 0.536223 0.536608 -0.001749 10.922183 9.988049 0.003414 -0.000805 0.000515 -0.001888 12.147469 11.923985 6.860054 10.610417 0.001063 -0.004064 0.000430 0.000136 -0.002105 -0.000635 0.001480
0.000793 0.000843 0.007155 6.203869 0.000208 -0.008390 5.745209 2.885363 0.211363 1.615139 0.108840 3.079243 0.228417 -0.248681 -0.248152 -0.004810 9.839190 9.820836 0.001296 -0.008435 0.002072 -0.005546 14.249269 14.136071 14.338497 19.094355 -0.001086 -0.003304 0.000031 0.000720 0.001505 -0.002572 -0.000658
0.001019 0.000879 0.008222 5.626894 0.004014 -0.015145 6.553266 3.017900 -0.272493 1.008056 0.152012 4.723817 0.292518 0.006617 0.007060 -0.005937 10.139958 9.638660 -0.001142 -0.010849 0.003647 -0.007375 16.824171 16.547733 19.410868 24.554754 -0.001785 -0.002983 -0.000610 0.000921 0.003512 -0.004049 -0.001141
0.000375 0.000468 0.006958 7.893376 0.007601 -0.013410 6.408471 5.144665 -0.536123 1.744942 0.127491 5.547508 0.257800 0.020413 0.020746 -0.004432 12.061962 10.219771 -0.001912 -0.005635 0.004063 -0.008456 18.232897 17.472517 21.908163 26.913414 -0.002231 -0.002793 0.000038 0.001810 0.003185 -0.003343 -0.002456
-0.000162 0.000632 0.007059 11.001610 0.010824 -0.015891 6.476174 6.498334 -0.666007 2.286133 0.117837 5.920240 0.242324 0.031035 0.031254 -0.003673 14.296399 11.393113 -0.002670 -0.006946 0.003781 -0.009235 19.288925 18.045307 24.445475 29.488337 -0.001986 -0.003180 0.000274 0.002014 0.003492 -0.003181 -0.003959
0.000257 0.002260 0.007653 14.518782 0.012438 -0.019805 6.850869 5.302030 -0.693837 1.890980 0.128266 4.176460 0.236931 0.021454 0.021633 -0.002943 17.692205 13.811497 -0.002563 -0.007466 0.002340 -0.009030 19.741684 18.448299 24.079147 29.573044 -0.000860 -0.003872 -0.000012 0.001542 0.003300 -0.003597 -0.005673
